x1	y1

0.855050	2.349232
0.855050	2.349232
0.855050	2.349232
0.855050	2.349232
0.855050	2.349232
0.855050	2.349232
0.855050	2.349232
0.855051	2.349231
0.855051	2.349231
0.855051	2.349231
0.855053	2.349231
0.855054	2.349230
0.855057	2.349229
0.855075	2.349223
0.855106	2.349211
0.855150	2.349195
0.855206	2.349175
0.855675	2.349004
0.856456	2.348719
0.857551	2.348320
0.858958	2.347806
0.870707	2.343472
0.890361	2.336075
0.918024	2.325345
0.953825	2.310891
1.040000	2.273225
1.154648	2.217143
1.298384	2.136335
1.470342	2.021960
1.598602	1.922146
1.736482	1.798567
1.881183	1.646778
2.028256	1.462012
2.171309	1.239590
2.302184	0.974914
2.410161	0.665227
2.481330	0.310626
2.500692	-0.032356
2.468439	-0.401294
2.374008	-0.786933
2.208361	-1.175300
1.977704	-1.532891
1.675387	-1.858872
1.305935	-2.134834
0.880346	-2.343222
0.443887	-2.464182
-0.010660	-2.504488
-0.464745	-2.461191
-0.899924	-2.337672
-1.228366	-2.183609
-1.525478	-1.988138
-1.785671	-1.758788
-2.005579	-1.503845
-2.209944	-1.184472
-2.358067	-0.854325
-2.453270	-0.524415
-2.500969	-0.203743
-2.503998	0.174373
-2.456823	0.518735
-2.372693	0.824873
-2.263420	1.091594
-2.114423	1.359891
-1.957053	1.579677
-1.801011	1.757178
-1.652944	1.898682
-1.502560	2.021309
-1.370328	2.114571
-1.258036	2.184627
-1.166367	2.236368
-1.074989	2.283567
-1.020414	2.310251
-1.002209	2.320105
-1.019960	2.314467
-1.070137	2.293589
-1.153784	2.254733
-1.271542	2.192832
-1.423086	2.100045
-1.546114	2.012794
-1.683153	1.901426
-1.831724	1.760801
-1.987528	1.585114
-2.143977	1.368378
-2.292478	1.104210
-2.421056	0.788056
-2.513323	0.418480
-2.548161	0.074098
-2.532511	-0.300509
-2.454651	-0.696685
-2.303987	-1.100617
-2.085577	-1.476016
-1.791541	-1.823545
-1.425172	-2.123680
-0.996715	-2.357184
-0.554849	-2.500185
-0.090074	-2.561137
0.378523	-2.535816
0.831520	-2.426655
1.183043	-2.277611
1.502481	-2.082552
1.783275	-1.849611
2.021401	-1.587913
2.236261	-1.270700
2.395333	-0.941560
2.501701	-0.611513
2.560559	-0.289652
2.577275	0.091673
2.543217	0.440221
2.471629	0.751139
2.374407	1.022874
2.239690	1.296452
2.096591	1.521227
1.955199	1.703054
1.822566	1.847931
1.689347	1.974167
1.576893	2.068557
1.487625	2.137053
1.422777	2.184198
1.371742	2.221387
1.377315	2.222777
1.439855	2.188165
1.558189	2.111448
1.659917	2.036282
1.781387	1.935021
1.920008	1.802167
2.071219	1.631211
2.194250	1.465807
2.316376	1.268926
2.431582	1.037430
2.531968	0.769011
2.607852	0.462762
2.648130	0.119434
2.640857	-0.256880
2.573416	-0.657721
2.453222	-1.024457
2.269518	-1.388736
2.018937	-1.736376
1.702192	-2.051131
1.321214	-2.318036
0.888732	-2.518419
0.419641	-2.639605
-0.067273	-2.674206
-0.535546	-2.623497
-0.982797	-2.493547
-1.392981	-2.292392
-1.753930	-2.032457
-2.028553	-1.762032
-2.253933	-1.467214
-2.429720	-1.158505
-2.557973	-0.845471
-2.657562	-0.459737
-2.698541	-0.092563
-2.691917	0.247419
-2.648769	0.555046
-2.561520	0.884803
-2.451680	1.163558
-2.332609	1.394478
-2.214397	1.582042
-2.092292	1.746805
-1.987192	1.871457
-1.903764	1.962010
-1.844872	2.023174
-1.805584	2.066057
-1.822450	2.059041
-1.895180	2.000791
-2.020017	1.883968
-2.106562	1.791993
-2.204151	1.676211
-2.309930	1.533501
-2.419881	1.360523
-2.528668	1.153976
-2.629672	0.910710
-2.714572	0.628741
-2.773031	0.307809
-2.793221	-0.031156
-2.767866	-0.399357
-2.686318	-0.789291
-2.538766	-1.189287
-2.310228	-1.594933
-1.999804	-1.974998
-1.609755	-2.308041
-1.150066	-2.572427
-0.670877	-2.740682
-0.163709	-2.820567
0.350503	-2.806648
0.850177	-2.701023
1.242620	-2.547847
1.600595	-2.343394
1.916642	-2.096851
2.186236	-1.818581
2.426901	-1.488695
2.609819	-1.146650
2.738454	-0.804065
2.818416	-0.470515
2.860577	-0.078687
2.852442	0.278495
2.807917	0.595906
2.739441	0.871717
2.653942	1.116631
2.563950	1.319927
2.477253	1.485045
2.399640	1.615556
2.320563	1.736714
2.268158	1.813627
2.245770	1.850149
2.254804	1.848144
2.294741	1.807394
2.364038	1.725370
2.458988	1.597770
2.573099	1.418644
2.660272	1.256954
2.747726	1.063263
2.829627	0.835342
2.898627	0.571693
2.945960	0.271974
2.961717	-0.062695
2.935344	-0.428523
2.855809	-0.818318
2.717070	-1.211292
2.509947	-1.603943
2.230085	-1.980532
1.877723	-2.322823
1.461577	-2.609821
0.990087	-2.827013
0.478901	-2.960657
-0.052106	-3.002641
-0.569555	-2.952862
-1.064745	-2.817083
-1.520101	-2.604231
-1.922380	-2.328125
-2.227726	-2.043516
-2.481219	-1.733758
-2.682758	-1.410132
-2.834762	-1.082873
-2.962058	-0.680889
-3.029366	-0.300205
-3.048768	0.049981
-3.032251	0.364099
-2.980581	0.691955
-2.910128	0.964070
-2.834685	1.182867
-2.764629	1.351875
-2.708151	1.473641
-2.668999	1.554654
-2.650287	1.597294
-2.653539	1.602867
-2.680320	1.569287
-2.729662	1.494062
-2.798326	1.374627
-2.880864	1.207399
-2.949063	1.043261
-3.016189	0.846227
-3.076382	0.614786
-3.122443	0.348195
-3.145958	0.046856
-3.137572	-0.287379
-3.087528	-0.650216
-2.985885	-1.034337
-2.809966	-1.456418
-2.555847	-1.874574
-2.219483	-2.269432
-1.803024	-2.618950
-1.340360	-2.888866
-0.826454	-3.080637
-0.279316	-3.181778
0.279450	-3.186396
0.820606	-3.096660
1.329971	-2.919981
1.790427	-2.668146
2.190113	-2.357423
2.490859	-2.044258
2.735837	-1.711334
2.926596	-1.370544
3.067099	-1.032272
3.181724	-0.621656
3.238776	-0.241224
3.252159	0.100828
3.234927	0.399992
3.195330	0.674982
3.146285	0.898652
3.097863	1.072977
3.057530	1.200381
3.030586	1.282825
3.019819	1.323410
3.026726	1.322988
3.051206	1.281510
3.084302	1.213895
3.126817	1.115279
3.175919	0.984338
3.227717	0.819625
3.277209	0.619769
3.318303	0.383647
3.343752	0.111094
3.345054	-0.196719
3.316005	-0.514413
3.249397	-0.856571
3.137435	-1.217064
2.972980	-1.587301
2.696417	-2.031904
2.329292	-2.451830
1.873163	-2.822423
1.338529	-3.118564
0.773281	-3.310694
0.175502	-3.401297
-0.429940	-3.383933
-1.017442	-3.261547
-1.470338	-3.089382
-1.884032	-2.861925
-2.250658	-2.589938
-2.565710	-2.285375
-2.852239	-1.925495
-3.075697	-1.555922
-3.240865	-1.189825
-3.354716	-0.837937
-3.437101	-0.434434
-3.470395	-0.075060
-3.470192	0.234437
-3.450010	0.491619
-3.422166	0.691459
-3.394534	0.843483
-3.373225	0.949101
-3.362348	1.009596
-3.368844	1.019581
-3.401619	0.938995
-3.454254	0.765538
-3.512603	0.495573
-3.545797	0.241289
-3.559922	-0.064553
-3.542430	-0.420000
-3.478873	-0.819743
-3.353983	-1.254537
-3.153064	-1.710769
-2.864932	-2.169910
-2.483492	-2.607892
-2.059549	-2.962099
-1.566518	-3.256822
-1.016782	-3.474219
-0.428484	-3.600780
0.180924	-3.628222
0.782934	-3.554131
1.354865	-3.384262
1.877736	-3.131632
2.271391	-2.866088
2.613970	-2.565607
2.903192	-2.242269
3.139679	-1.907672
3.363895	-1.493727
3.521246	-1.095128
3.622974	-0.724448
3.680971	-0.390501
3.709650	-0.043909
3.710639	0.237080
3.699193	0.450991
3.686672	0.598163
3.680894	0.675607
3.684115	0.699101
3.697308	0.668853
3.719120	0.584568
3.740295	0.478075
3.761664	0.336187
3.779280	0.158586
3.788161	-0.054690
3.782346	-0.303032
3.755026	-0.585016
3.698839	-0.897821
3.605984	-1.236902
3.439425	-1.660384
3.199878	-2.097212
2.879307	-2.529748
2.474434	-2.936540
2.003176	-3.284509
1.463551	-3.565303
0.870277	-3.761143
0.243730	-3.859594
-0.396901	-3.853989
-1.021811	-3.744658
-1.608182	-3.540044
-2.137837	-3.255675
-2.536181	-2.964022
-2.879058	-2.641501
-3.165436	-2.301121
-3.397201	-1.955012
-3.616796	-1.530222
-3.769208	-1.130037
-3.867561	-0.766912
-3.924971	-0.449257
-3.956323	-0.151596
-3.967058	0.078973
-3.969170	0.241204
-3.970994	0.335056
-3.977622	0.360881
-3.990438	0.314162
-4.006879	0.194660
-4.020441	0.002121
-4.021645	-0.230968
-4.002248	-0.520982
-3.950383	-0.864754
-3.852377	-1.256043
-3.695919	-1.679958
-3.466679	-2.127219
-3.154240	-2.580052
-2.752616	-3.015973
-2.285803	-3.392940
-1.743938	-3.709059
-1.139956	-3.944401
-0.493266	-4.083685
0.181100	-4.117276
0.848003	-4.041215
1.482310	-3.861885
2.063016	-3.593935
2.496820	-3.315633
2.876122	-3.001943
3.198715	-2.666065
3.465471	-2.320632
3.724665	-1.894742
3.913176	-1.490020
4.043372	-1.120461
4.128016	-0.795968
4.185345	-0.486429
4.215582	-0.249805
4.231528	-0.088729
4.241886	-0.004132
4.252889	-0.002066
4.262513	-0.105498
4.263235	-0.314026
4.239976	-0.625591
4.188317	-0.950604
4.091401	-1.334615
3.933584	-1.767941
3.699062	-2.235339
3.373783	-2.716260
2.948264	-3.184930
2.420871	-3.612782
1.799894	-3.969501
1.151964	-4.212859
0.459786	-4.352151
-0.250785	-4.377412
-0.951852	-4.288578
-1.543918	-4.120966
-2.091203	-3.881042
-2.581864	-3.582962
-3.008806	-3.243138
-3.379142	-2.867605
-3.680573	-2.483463
-3.918072	-2.106169
-4.098964	-1.748590
-4.261697	-1.337076
-4.366298	-0.988527
-4.430287	-0.712455
-4.467922	-0.514219
-4.486796	-0.411648
-4.499224	-0.363008
-4.506981	-0.368551
-4.509913	-0.428248
-4.505913	-0.541759
-4.490949	-0.708532
-4.459279	-0.927174
-4.403507	-1.195176
-4.294954	-1.568401
-4.124638	-1.994588
-3.877156	-2.458952
-3.538952	-2.940543
-3.104448	-3.409500
-2.568779	-3.840543
-1.938478	-4.204294
-1.230509	-4.473417
-0.650002	-4.601420
-0.052915	-4.654313
0.545514	-4.629893
1.130148	-4.530384
1.686710	-4.361874
2.203293	-4.133622
2.670941	-3.857063
3.084096	-3.545129
3.487121	-3.162059
3.816975	-2.769519
4.078637	-2.384523
4.279697	-2.021307
4.461254	-1.612105
4.581218	-1.271059
4.657087	-1.008710
4.702784	-0.831148
4.726712	-0.745658
4.738256	-0.733106
4.738047	-0.793664
4.723452	-0.926666
4.688579	-1.130381
4.624396	-1.401980
4.519722	-1.736087
4.361531	-2.124058
4.098798	-2.615318
3.729498	-3.135101
3.241083	-3.651946
2.630825	-4.127341
2.030063	-4.464262
1.362388	-4.720896
0.646914	-4.879858
-0.092127	-4.930917
-0.859112	-4.866388
-1.592808	-4.688538
-2.268243	-4.412403
-2.867377	-4.060428
-3.313336	-3.717182
-3.692638	-3.353868
-4.006875	-2.986267
-4.260500	-2.628405
-4.510151	-2.197998
-4.686211	-1.823814
-4.805428	-1.520110
-4.882302	-1.296033
-4.925065	-1.166830
-4.948872	-1.107943
-4.956283	-1.120268
-4.946918	-1.203655
-4.917425	-1.356849
-4.861470	-1.577651
-4.770508	-1.861864
-4.634024	-2.202823
-4.384811	-2.688246
-4.025192	-3.220064
-3.538556	-3.764968
-2.917984	-4.280366
-2.313423	-4.647143
-1.633828	-4.938329
-0.897368	-5.133840
-0.128330	-5.220465
0.675963	-5.189188
1.453714	-5.038694
2.177448	-4.782470
2.826326	-4.442603
3.307531	-4.109167
3.721767	-3.751726
4.069499	-3.386538
4.354269	-3.028340
4.639938	-2.594456
4.845877	-2.215789
4.988386	-1.908468
5.081791	-1.683135
5.134281	-1.554239
5.161489	-1.501464
5.165805	-1.525889
5.146370	-1.627110
5.099064	-1.803156
5.016491	-2.050611
4.889111	-2.363462
4.705618	-2.732587
4.454245	-3.144802
4.123269	-3.584072
3.704425	-4.030256
3.193970	-4.459550
2.593593	-4.846236
1.912774	-5.164702
1.167859	-5.393144
0.381888	-5.515858
-0.461418	-5.521519
-1.286158	-5.401625
-2.062014	-5.167692
-2.764881	-4.841250
-3.282305	-4.518759
-3.732658	-4.168019
-4.115173	-3.805703
-4.432370	-3.447240
-4.754792	-3.010635
-4.991451	-2.627300
-5.157966	-2.315201
-5.268365	-2.086499
-5.342418	-1.933499
-5.365588	-1.913125
-5.339524	-2.026443
-5.257118	-2.269230
-5.139588	-2.551540
-4.963691	-2.902479
-4.716934	-3.309379
-4.386941	-3.754758
-3.893962	-4.283130
-3.269353	-4.793005
-2.516438	-5.242543
-1.653845	-5.590302
-0.985120	-5.756334
-0.291833	-5.842902
0.408861	-5.845855
1.099412	-5.766217
1.762829	-5.609663
2.384581	-5.386023
2.953363	-5.108010
3.461665	-4.790450
3.959969	-4.402636
4.375655	-4.006759
4.712890	-3.623068
4.978763	-3.268785
5.234803	-2.871572
5.404873	-2.571877
5.506118	-2.384980
5.550026	-2.319050
5.532081	-2.407572
5.424566	-2.680778
5.204632	-3.121075
4.838878	-3.694414
4.455630	-4.169566
3.961222	-4.659801
3.350756	-5.132981
2.628694	-5.553809
1.809150	-5.887521
0.918139	-6.104914
-0.011215	-6.187120
-0.940726	-6.129198
-1.766625	-5.957608
-2.533426	-5.688758
-3.221612	-5.344668
-3.819371	-4.951671
-4.295253	-4.562228
-4.688938	-4.175674
-5.005817	-3.811192
-5.253451	-3.484706
-5.490371	-3.131652
-5.640897	-2.888370
-5.719286	-2.768028
-5.733340	-2.776499
-5.681551	-2.918228
-5.553277	-3.188926
-5.333258	-3.574690
-5.001944	-4.052577
-4.602625	-4.522579
-4.089842	-5.009828
-3.459191	-5.481728
-2.715499	-5.902675
-1.873145	-6.237648
-0.958345	-6.457216
-0.004398	-6.542303
0.950342	-6.487698
1.811343	-6.316263
2.611287	-6.045231
3.329563	-5.697643
3.953582	-5.301119
4.448572	-4.911087
4.858121	-4.526172
5.187510	-4.166324
5.444172	-3.848072
5.688572	-3.510582
5.838232	-3.292091
5.906104	-3.205827
5.898156	-3.256706
5.817144	-3.432979
5.653805	-3.726267
5.393970	-4.121101
5.021004	-4.593722
4.561863	-5.071493
3.983187	-5.556440
3.284058	-6.013825
2.473765	-6.407320
1.571579	-6.702740
0.608165	-6.873619
-0.380092	-6.905176
-1.353673	-6.797510
-2.168718	-6.597469
-2.921186	-6.316018
-3.595548	-5.974292
-4.182715	-5.596178
-4.693874	-5.194150
-5.111715	-4.804700
-5.442497	-4.449669
-5.694459	-4.146747
-5.921857	-3.849815
-6.046291	-3.687757
-6.077787	-3.671684
-6.018382	-3.803080
-5.948525	-3.929464
-5.849418	-4.092798
-5.718578	-4.290170
-5.553211	-4.517833
