x1	y1

0.855050	2.349232
0.855050	2.349232
0.855050	2.349232
0.855050	2.349232
0.855050	2.349232
0.855050	2.349232
0.855050	2.349232
0.855051	2.349231
0.855051	2.349231
0.855051	2.349231
0.855053	2.349231
0.855054	2.349230
0.855057	2.349229
0.855075	2.349223
0.855106	2.349211
0.855150	2.349195
0.855206	2.349175
0.855675	2.349004
0.856456	2.348719
0.857551	2.348320
0.858958	2.347806
0.861886	2.346732
0.865629	2.345353
0.870190	2.343666
0.875572	2.341662
0.881775	2.339329
0.888805	2.336666
0.896667	2.333664
0.905364	2.330307
0.913946	2.326950
0.923217	2.323285
0.933184	2.319304
0.943846	2.314988
0.954741	2.310511
0.966287	2.305704
0.978488	2.300557
0.991345	2.295050
1.004672	2.289241
1.018646	2.283055
1.033272	2.276478
1.048551	2.269485
1.064317	2.262127
1.080729	2.254329
1.097794	2.246075
1.115508	2.237336
1.133735	2.228145
1.152609	2.218436
1.172134	2.208190
1.192305	2.197372
1.213023	2.185991
1.234383	2.173995
1.256391	2.161362
1.279034	2.148050
1.302253	2.134037
1.326103	2.119292
1.350586	2.103788
1.375683	2.087475
1.401378	2.070293
1.427678	2.052235
1.454581	2.033274
1.482058	2.013349
1.510145	1.992342
1.538788	1.970291
1.567979	1.947165
1.597678	1.922892
1.627980	1.897271
1.658755	1.870407
1.689991	1.842265
1.721626	1.812765
1.753833	1.781576
1.786384	1.748912
1.819255	1.714737
1.852359	1.678962
1.884259	1.643027
1.916290	1.605526
1.948418	1.566426
1.980543	1.525646
2.011120	1.485052
2.041590	1.442848
2.071910	1.399004
2.101973	1.353456
2.130495	1.308044
2.158655	1.260998
2.186404	1.212295
2.213625	1.161890
2.239129	1.111886
2.264010	1.060273
2.288208	1.007037
2.311606	0.952151
2.333104	0.898122
2.353723	0.842567
2.373401	0.785486
2.392021	0.726868
2.408622	0.669735
2.424120	0.611223
2.438451	0.551342
2.451507	0.490102
2.462523	0.431269
2.472272	0.371266
2.480695	0.310114
2.487699	0.247836
2.492814	0.189463
2.496605	0.130183
2.499023	0.070026
2.499994	0.009022
2.499599	-0.045014
2.498014	-0.099645
2.495204	-0.154844
2.491122	-0.210580
2.485800	-0.266102
2.479165	-0.322084
2.471185	-0.378493
2.461819	-0.435290
2.449190	-0.501448
2.434608	-0.568011
2.418033	-0.634915
2.399401	-0.702084
2.376688	-0.775446
2.351431	-0.848933
2.323595	-0.922447
2.293107	-0.995862
2.257406	-1.074272
2.218577	-1.152292
2.176611	-1.229784
2.131440	-1.306560
2.079772	-1.387250
2.024458	-1.466753
1.965533	-1.544891
1.902961	-1.621401
1.833493	-1.699471
1.760129	-1.775297
1.682977	-1.848679
1.602066	-1.919289
1.522425	-1.982991
1.439660	-2.043835
1.353910	-2.101664
1.265278	-2.156225
1.179933	-2.204046
1.092338	-2.248723
1.002644	-2.290147
0.910990	-2.328148
0.827259	-2.359178
0.742206	-2.387289
0.655961	-2.412422
0.568652	-2.434492
0.486531	-2.452212
0.403721	-2.467191
0.320336	-2.479402
0.236493	-2.488805
0.141919	-2.495969
0.047088	-2.499548
-0.047831	-2.499548
-0.142663	-2.495945
-0.222548	-2.490086
-0.302146	-2.481681
-0.381356	-2.470752
-0.460078	-2.457314
-0.553261	-2.438012
-0.645442	-2.415237
-0.736466	-2.389067
-0.826171	-2.359560
-0.926493	-2.321977
-1.024706	-2.280325
-1.120623	-2.234776
-1.214038	-2.185461
-1.314802	-2.126319
-1.412049	-2.062998
-1.505608	-1.995789
-1.595263	-1.924922
-1.690029	-1.842203
-1.779651	-1.755737
-1.864037	-1.665957
-1.943010	-1.573209
-2.019798	-1.473223
-2.090568	-1.370892
-2.155362	-1.266681
-2.214134	-1.160983
-2.266645	-1.054693
-2.313380	-0.947743
-2.354487	-0.840513
-2.390061	-0.733341
-2.420771	-0.624438
-2.446113	-0.516262
-2.466310	-0.409111
-2.481561	-0.303252
-2.492494	-0.193741
-2.498522	-0.086177
-2.499934	0.019215
-2.497018	0.122244
-2.490253	0.220702
-2.479888	0.316606
-2.466182	0.409846
-2.449416	0.500342
-2.429871	0.588038
-2.407766	0.672877
-2.383328	0.754827
-2.356816	0.833884
-2.328363	0.910373
-2.298247	0.983955
-2.266654	1.054649
-2.233810	1.122506
-2.199444	1.188485
-2.164143	1.251639
-2.128054	1.312016
-2.091367	1.369706
-2.053490	1.425914
-2.015267	1.479466
-1.976812	1.530428
-1.938278	1.578915
-1.898964	1.626035
-1.859774	1.670738
-1.820791	1.713100
-1.782135	1.753248
-1.742897	1.792307
-1.704150	1.829209
-1.665948	1.864029
-1.628383	1.896903
-1.591899	1.927664
-1.556127	1.956674
-1.521093	1.984002
-1.486858	2.009762
-1.454552	2.033295
-1.423036	2.055489
-1.392322	2.076398
-1.362442	2.096109
-1.333963	2.114368
-1.306305	2.131577
-1.279470	2.147778
-1.253476	2.163040
-1.228659	2.177248
-1.204663	2.190623
-1.181488	2.203198
-1.159141	2.215028
-1.137935	2.226008
-1.117528	2.236328
-1.097916	2.246014
-1.079102	2.255107
-1.061358	2.263520
-1.044380	2.271408
-1.028160	2.278790
-1.012699	2.285698
-0.998220	2.292065
-0.984466	2.298009
-0.971433	2.303544
-0.959119	2.308695
-0.947700	2.313410
-0.936970	2.317780
-0.926921	2.321813
-0.917554	2.325528
-0.909003	2.328887
-0.901103	2.331957
-0.893851	2.334744
-0.887246	2.337260
-0.881382	2.339480
-0.876137	2.341451
-0.871509	2.343176
-0.867496	2.344663
-0.864157	2.345897
-0.861407	2.346909
-0.859245	2.347701
-0.857671	2.348275
-0.856702	2.348630
-0.856291	2.348780
-0.856437	2.348726
-0.857142	2.348469
-0.858315	2.348041
-0.859983	2.347430
-0.862146	2.346637
-0.864806	2.345658
-0.868685	2.344223
-0.873293	2.342510
-0.878633	2.340514
-0.884706	2.338226
-0.891514	2.335636
-0.899061	2.332740
-0.907354	2.329530
-0.916392	2.325992
-0.925652	2.322318
-0.935591	2.318330
-0.946213	2.314019
-0.957521	2.309366
-0.969130	2.304513
-0.981391	2.299316
-0.994308	2.293764
-1.007883	2.287836
-1.021911	2.281598
-1.036586	2.274965
-1.051914	2.267924
-1.067893	2.260449
-1.084367	2.252585
-1.101488	2.244258
-1.119261	2.235455
-1.137684	2.226141
-1.156631	2.216346
-1.176225	2.206005
-1.196470	2.195100
-1.217358	2.183593
-1.238803	2.171485
-1.260889	2.158729
-1.283619	2.145303
-1.306980	2.131162
-1.330925	2.116274
-1.355495	2.100613
-1.380691	2.084154
-1.406492	2.066843
-1.432897	2.048604
-1.459894	2.029442
-1.487482	2.009330
-1.515628	1.988202
-1.544383	1.965921
-1.573674	1.942539
-1.603493	1.918025
-1.633792	1.892305
-1.664688	1.865145
-1.696025	1.836677
-1.727788	1.806865
-1.759907	1.775627
-1.792312	1.742860
-1.825006	1.708570
-1.857962	1.672720
-1.891086	1.635220
-1.922655	1.597929
-1.954286	1.559056
-1.985942	1.518570
-2.017522	1.476396
-2.047546	1.434413
-2.077389	1.390811
-2.107007	1.345564
-2.136290	1.298613
-2.164019	1.251803
-2.191310	1.203359
-2.218108	1.153264
-2.244298	1.101474
-2.268711	1.050212
-2.292422	0.997358
-2.315373	0.942904
-2.337445	0.886827
-2.357574	0.831771
-2.376755	0.775226
-2.394922	0.717195
-2.411962	0.657673
-2.426965	0.599871
-2.440809	0.540745
-2.453431	0.480309
-2.464726	0.418578
-2.474003	0.359617
-2.481983	0.299557
-2.488609	0.238424
-2.493793	0.176245
-2.497188	0.118622
-2.499274	0.060180
-2.500004	0.000947
-2.499312	-0.059042
-2.497571	-0.110296
-2.494745	-0.162043
-2.490806	-0.214258
-2.485717	-0.266914
-2.478663	-0.325927
-2.470110	-0.385410
-2.460019	-0.445322
-2.448344	-0.505614
-2.433220	-0.573945
-2.415983	-0.642626
-2.396591	-0.711583
-2.374978	-0.780728
-2.348980	-0.855716
-2.320274	-0.930714
-2.288831	-1.005611
-2.254577	-1.080266
-2.214779	-1.159607
-2.171703	-1.238368
-2.125346	-1.316400
-2.075648	-1.393497
-2.019056	-1.474218
-1.958696	-1.553475
-1.894621	-1.631081
-1.826809	-1.706751
-1.750397	-1.784928
-1.669898	-1.860404
-1.585456	-1.932965
-1.497126	-2.002240
-1.409276	-2.064935
-1.318177	-2.124203
-1.224012	-2.179879
-1.126923	-2.231670
-1.031436	-2.277321
-0.933641	-2.319099
-0.833746	-2.356894
-0.731941	-2.390504
-0.633365	-2.418453
-0.533454	-2.442414
-0.432414	-2.462335
-0.330451	-2.478103
-0.234541	-2.488989
-0.138190	-2.496178
-0.041578	-2.499668
0.055112	-2.499420
0.139895	-2.496099
0.224476	-2.489911
0.308735	-2.480877
0.392548	-2.469007
0.482264	-2.453050
0.571179	-2.433876
0.659152	-2.411548
0.746039	-2.386108
0.845572	-2.352656
0.943252	-2.315210
1.038895	-2.273923
1.132300	-2.228906
1.233471	-2.174513
1.331442	-2.115922
1.426036	-2.053401
1.517036	-1.987156
1.613607	-1.909502
1.705390	-1.827961
1.792269	-1.742934
1.874057	-1.654743
1.956219	-1.556648
2.032341	-1.455808
2.102439	-1.352708
2.166431	-1.247750
2.223665	-1.142529
2.275072	-1.036332
2.320778	-0.929555
2.360852	-0.822546
2.395886	-0.713997
2.425463	-0.605904
2.449792	-0.498583
2.469051	-0.392317
2.483948	-0.282961
2.493853	-0.175302
2.499041	-0.069576
2.499780	0.034008
2.495448	0.151193
2.485942	0.265018
2.471677	0.375287
2.453110	0.481857
2.433548	0.572622
2.411228	0.660370
2.386397	0.745063
2.359343	0.826695
2.331508	0.902279
2.302039	0.975044
2.271116	1.045005
2.238955	1.112210
2.204868	1.178393
2.169826	1.241761
2.133977	1.302361
2.097510	1.360281
2.059710	1.416915
2.021543	1.470880
1.983122	1.522243
1.944605	1.571116
1.905322	1.618580
1.866148	1.663617
1.827165	1.706301
1.788496	1.746759
1.749257	1.786101
1.710496	1.823276
1.672268	1.858362
1.634667	1.891491
1.598032	1.922584
1.562102	1.951908
1.526908	1.979530
1.492510	2.005568
1.460062	2.029342
1.428402	2.051764
1.397543	2.072887
1.367518	2.092802
1.338914	2.111237
1.311130	2.128612
1.284170	2.144971
1.258051	2.160382
1.233110	2.174730
1.208993	2.188237
1.185696	2.200937
1.163228	2.212884
1.141903	2.223975
1.121379	2.234400
1.101651	2.244184
1.082723	2.253370
1.064869	2.261871
1.047782	2.269841
1.031456	2.277301
1.015890	2.284282
1.001310	2.290717
0.987457	2.296726
0.974326	2.302322
0.961917	2.307531
0.950406	2.312300
0.939585	2.316721
0.929449	2.320802
0.919996	2.324563
0.911361	2.327966
0.903380	2.331076
0.896048	2.333902
0.889365	2.336455
0.883426	2.338709
0.878108	2.340712
0.873409	2.342468
0.869326	2.343985
0.865920	2.345247
0.863105	2.346285
0.860879	2.347102
0.859243	2.347701
0.858214	2.348078
0.857745	2.348250
0.857836	2.348216
0.858486	2.347978
0.859613	2.347566
0.861239	2.346970
0.863364	2.346189
0.865990	2.345221
0.869817	2.343803
0.874374	2.342107
0.879662	2.340127
0.885684	2.337856
0.892440	2.335282
0.899937	2.332402
0.908179	2.329209
0.917167	2.325687
0.926393	2.322023
0.936300	2.318044
0.946893	2.313741
0.958174	2.309095
0.969752	2.304252
0.981982	2.299064
0.994871	2.293520
1.008418	2.287600
1.022415	2.281372
1.037061	2.274749
1.052361	2.267717
1.068313	2.260250
1.084759	2.252396
1.101853	2.244079
1.119601	2.235285
1.137998	2.225981
1.156920	2.216196
1.176488	2.205865
1.196709	2.194970
1.217574	2.183473
1.238994	2.171376
1.261057	2.158632
1.283764	2.145217
1.307102	2.131087
1.331025	2.116211
1.355573	2.100563
1.380747	2.084117
1.406527	2.066819
1.432911	2.048594
1.459887	2.029447
1.487454	2.009350
1.515581	1.988238
1.544317	1.965973
1.573589	1.942608
1.603389	1.918112
1.633670	1.892411
1.664548	1.865270
1.695868	1.836822
1.727614	1.807031
1.759717	1.775814
1.792111	1.743068
1.824792	1.708798
1.857738	1.672969
1.890852	1.635491
1.922413	1.598220
1.954037	1.559368
1.985687	1.518904
2.017262	1.476752
2.047281	1.434791
2.077121	1.391212
2.106736	1.345988
2.136018	1.299060
2.163748	1.252272
2.191040	1.203851
2.217841	1.153778
2.244035	1.102010
2.268453	1.050769
2.292171	0.997936
2.315129	0.943504
2.337209	0.887447
2.357349	0.832410
2.376540	0.775883
2.394720	0.717870
2.411773	0.658366
2.426790	0.600579
2.440649	0.541466
2.453287	0.481045
2.464599	0.419327
2.473893	0.360373
2.481890	0.300321
2.488535	0.239195
2.493738	0.177021
2.497151	0.119395
2.499255	0.060949
2.500003	0.001712
2.499330	-0.058283
2.497603	-0.109569
2.494790	-0.161348
2.490863	-0.213597
2.485784	-0.266288
2.478751	-0.325259
2.470220	-0.384700
2.460156	-0.444569
2.448508	-0.504819
2.433414	-0.573122
2.416209	-0.641775
2.396852	-0.710705
2.375275	-0.779824
2.349317	-0.854789
2.320655	-0.929765
2.289257	-1.004641
2.255050	-1.079279
2.215304	-1.158604
2.172281	-1.237353
2.125980	-1.315375
2.076340	-1.392466
2.019812	-1.473182
1.959517	-1.552440
1.895508	-1.630049
1.827764	-1.705728
1.751428	-1.783917
1.671006	-1.859409
1.586641	-1.931993
1.498388	-2.001296
1.410574	-2.064048
1.319508	-2.123376
1.225373	-2.179114
1.128309	-2.230970
1.032847	-2.276681
0.935074	-2.318522
0.835196	-2.356380
0.733405	-2.390055
0.634836	-2.418067
0.534928	-2.442091
0.433888	-2.462076
0.331922	-2.477906
0.235994	-2.488851
0.139622	-2.496099
0.042987	-2.499645
-0.053729	-2.499450
-0.138575	-2.496173
-0.223221	-2.490023
-0.307545	-2.481024
-0.391426	-2.469185
-0.481079	-2.453283
-0.569934	-2.434168
-0.657852	-2.411903
-0.744687	-2.386530
-0.844200	-2.353149
-0.941863	-2.315776
-1.037495	-2.274563
-1.130893	-2.229621
-1.232063	-2.175310
-1.330040	-2.116804
-1.424645	-2.054367
-1.515662	-1.988204
-1.612257	-1.910642
-1.704071	-1.829190
-1.790987	-1.744251
-1.872818	-1.656144
-1.955070	-1.558089
-2.031283	-1.457283
-2.101472	-1.354210
-2.165553	-1.249273
-2.222869	-1.144077
-2.274356	-1.037902
-2.320142	-0.931140
-2.360296	-0.824142
-2.395407	-0.715603
-2.425059	-0.607518
-2.449462	-0.500200
-2.468794	-0.393932
-2.483763	-0.284578
-2.493739	-0.176916
-2.498996	-0.071184
-2.499802	0.032409
-2.495549	0.149504
-2.486130	0.263250
-2.471955	0.373449
-2.453483	0.479960
-2.433980	0.570784
-2.411714	0.658593
-2.386932	0.743346
-2.359923	0.825039
-2.332132	0.900667
-2.302702	0.973476
-2.271817	1.043481
-2.239689	1.110731
-2.205641	1.176947
-2.170634	1.240348
-2.134818	1.300982
-2.098382	1.358936
-2.060611	1.415605
-2.022471	1.469604
-1.984075	1.521001
-1.945581	1.569908
-1.906320	1.617405
-1.867165	1.662474
-1.828201	1.705191
-1.789548	1.745681
-1.750327	1.785053
-1.711582	1.822257
-1.673368	1.857372
-1.635780	1.890529
-1.599139	1.921663
-1.563204	1.951026
-1.528004	1.978684
-1.493600	2.004756
-1.461149	2.028560
-1.429487	2.051009
-1.398624	2.072158
-1.368596	2.092096
-1.339993	2.110552
-1.312210	2.127947
-1.285251	2.144323
-1.259134	2.159751
-1.234194	2.174115
-1.210079	2.187636
-1.186784	2.200350
-1.164319	2.212311
-1.142997	2.223413
-1.122477	2.233848
-1.102753	2.243643
-1.083829	2.252839
-1.065981	2.261347
-1.048899	2.269325
-1.032579	2.276791
-1.017020	2.283779
-1.002447	2.290219
-0.988602	2.296233
-0.975480	2.301834
-0.963080	2.307045
-0.951579	2.311818
-0.940768	2.316240
-0.930643	2.320324
-0.921201	2.324086
-0.912578	2.327489
-0.904610	2.330599
-0.897292	2.333424
-0.890623	2.335976
-0.884698	2.338228
-0.879395	2.340229
-0.874711	2.341982
-0.870645	2.343495
-0.867256	2.344753
-0.864458	2.345787
-0.862250	2.346599
-0.860633	2.347192
-0.859623	2.347562
-0.859174	2.347727
-0.859285	2.347686
-0.859956	2.347440
-0.861101	2.347020
-0.862746	2.346416
-0.864889	2.345627
-0.867532	2.344651
-0.871386	2.343220
-0.875971	2.341510
-0.881289	2.339515
-0.887342	2.337227
-0.894131	2.334635
-0.901662	2.331736
-0.909940	2.328521
-0.918965	2.324977
-0.928222	2.321292
-0.938160	2.317292
-0.948785	2.312965
-0.960098	2.308296
-0.971710	2.303426
-0.983976	2.298211
-0.996900	2.292639
-1.010484	2.286688
-1.024520	2.280428
-1.039205	2.273770
-1.054544	2.266703
-1.070536	2.259198
-1.087023	2.251304
-1.104159	2.242945
-1.121949	2.234107
-1.140389	2.224757
-1.159355	2.214923
-1.178967	2.204541
-1.199232	2.193592
-1.220142	2.182038
-1.241609	2.169882
-1.263717	2.157075
-1.286470	2.143595
-1.309855	2.129396
-1.333824	2.114448
-1.358419	2.098724
-1.383639	2.082198
-1.409466	2.064816
-1.435895	2.046504
-1.462917	2.027264
-1.490529	2.007070
-1.518699	1.985857
-1.547479	1.963485
-1.576793	1.940008
-1.606633	1.915396
-1.636952	1.889573
-1.667868	1.862302
-1.699222	1.833719
-1.731000	1.803788
-1.763132	1.772424
-1.795501	1.739575
-1.828154	1.705201
-1.861065	1.669267
-1.894139	1.631683
-1.925662	1.594304
-1.957241	1.555344
-1.988843	1.514770
-2.020362	1.472507
-2.050328	1.430434
-2.080108	1.386742
-2.109658	1.341404
-2.138868	1.294363
-2.166520	1.247469
-2.193730	1.198942
-2.220441	1.148765
-2.246540	1.096895
-2.270858	1.045560
-2.294471	0.992636
-2.317318	0.938114
-2.339281	0.881971
-2.359301	0.826861
-2.378367	0.770265
-2.396416	0.712187
-2.413334	0.652621
-2.428215	0.594792
-2.441934	0.535643
-2.454427	0.475190
-2.465592	0.413446
-2.474741	0.354498
-2.482593	0.294458
-2.489090	0.233349
-2.494144	0.171200
-2.497419	0.113658
-2.499387	0.055303
-2.500001	-0.003836
-2.499197	-0.063726
-2.497371	-0.114727
-2.494471	-0.166213
-2.490467	-0.218159
-2.485324	-0.270541
-2.478156	-0.329759
-2.469476	-0.389448
-2.459247	-0.449565
-2.447421	-0.510062
-2.432139	-0.578511
-2.414733	-0.647306
-2.395164	-0.716373
-2.373364	-0.785622
-2.347160	-0.860694
-2.318241	-0.935767
-2.286574	-1.010731
-2.252089	-1.085446
-2.212039	-1.164825
-2.168703	-1.243614
-2.122079	-1.321661
-2.072106	-1.398759
-2.015216	-1.479462
-1.954552	-1.558685
-1.890167	-1.636240
-1.822042	-1.711840
-1.745286	-1.789926
-1.664440	-1.865288
-1.579651	-1.937713
-1.490974	-2.006826
-1.402984	-2.069216
-1.311761	-2.128172
-1.217491	-2.183528
-1.120315	-2.234995
-1.024745	-2.280339
-0.926885	-2.321808
-0.826941	-2.359290
-0.725105	-2.392586
-0.626533	-2.420231
-0.526642	-2.443892
-0.425639	-2.463515
-0.323729	-2.478990
-0.227933	-2.489602
-0.131710	-2.496529
-0.035239	-2.499766
0.061298	-2.499276
0.145764	-2.495763
0.230021	-2.489405
0.313950	-2.480222
0.397430	-2.468226
0.487393	-2.452036
0.576542	-2.432611
0.664735	-2.410015
0.751825	-2.384291
0.851416	-2.350547
0.949136	-2.312804
1.044801	-2.271216
1.138209	-2.225895
1.239350	-2.171167
1.337269	-2.112244
1.431790	-2.049393
1.522695	-1.982823
1.619137	-1.904815
1.710766	-1.822929
1.797469	-1.737571
1.879058	-1.649062
1.960832	-1.550834
2.036568	-1.449891
2.106283	-1.346715
2.169899	-1.241708
2.226796	-1.136414
2.277870	-1.030168
2.323248	-0.923363
2.363002	-0.816348
2.397731	-0.707777
2.427009	-0.599684
2.451046	-0.492380
2.470023	-0.386148
2.484644	-0.276786
2.494279	-0.169138
2.499204	-0.063440
2.499690	0.040099
2.495033	0.157914
2.485156	0.272308
2.470480	0.383083
2.451476	0.490099
2.431717	0.580347
2.409238	0.667591
2.384285	0.751793
2.357142	0.832950
2.329210	0.908196
2.299664	0.980632
2.268685	1.050273
2.236485	1.117168
2.202329	1.183133
2.167230	1.246285
2.131338	1.306675
2.094841	1.364389
2.057022	1.420815
2.018848	1.474577
1.980431	1.525743
1.941927	1.574426
1.902671	1.621696
1.863532	1.666546
1.824592	1.709051
1.785974	1.749337
1.746789	1.788514
1.708089	1.825531
1.669928	1.860465
1.632399	1.893449
1.595881	1.924369
1.560073	1.953530
1.525002	1.980999
1.490729	2.006893
1.458396	2.030540
1.426852	2.052842
1.396110	2.073853
1.366203	2.093660
1.337710	2.112000
1.310037	2.129285
1.283188	2.145558
1.257182	2.160888
1.232353	2.175159
1.208347	2.188593
1.185163	2.201224
1.162808	2.213105
1.141595	2.224133
1.121183	2.234498
1.101568	2.244225
1.082752	2.253357
1.065009	2.261805
1.048032	2.269725
1.031817	2.277137
1.016362	2.284072
1.001890	2.290463
0.988146	2.296429
0.975125	2.301984
0.962825	2.307152
0.951422	2.311882
0.940709	2.316265
0.930681	2.320309
0.921335	2.324033
0.912808	2.327399
0.904934	2.330473
0.897710	2.333263
0.891134	2.335781
0.885302	2.338000
0.880091	2.339967
0.875499	2.341688
0.871524	2.343169
0.868225	2.344395
0.865516	2.345397
0.863398	2.346177
0.861870	2.346738
0.860947	2.347077
0.860585	2.347210
0.860782	2.347138
0.861538	2.346860
0.862759	2.346412
0.864473	2.345781
0.866682	2.344965
0.869387	2.343964
0.873332	2.342496
0.878011	2.340746
0.883424	2.338710
0.889574	2.336379
0.896462	2.333741
0.904094	2.330794
0.912474	2.327530
0.921603	2.323932
0.930944	2.320202
0.940966	2.316154
0.951674	2.311778
0.963069	2.307058
0.974770	2.302133
0.987124	2.296860
1.000138	2.291228
1.013812	2.285215
1.027942	2.278887
1.042721	2.272160
1.058155	2.265019
1.074244	2.257438
1.090828	2.249463
1.108062	2.241020
1.125951	2.232093
1.144490	2.222650
1.163556	2.212719
1.183270	2.202234
1.203636	2.191179
1.224648	2.179513
1.246217	2.167239
1.268428	2.154308
1.291284	2.140699
1.314771	2.126364
1.338844	2.111273
1.363541	2.095399
1.388863	2.078717
1.414790	2.061172
1.441321	2.042686
1.468442	2.023266
1.496152	2.002882
1.524416	1.981472
1.553291	1.958890
1.582696	1.935195
1.612624	1.910354
1.643026	1.884293
1.674025	1.856770
1.705456	1.827922
1.737305	1.797716
1.769500	1.766067
1.801834	1.733015
1.834442	1.698435
1.867298	1.662292
1.900305	1.624497
1.931764	1.586905
1.963269	1.547729
1.994784	1.506938
2.026206	1.464456
2.056076	1.422160
2.085749	1.378244
2.115179	1.332681
2.144258	1.285414
2.171768	1.238309
2.198824	1.189574
2.225369	1.139189
2.251289	1.087113
2.275421	1.035593
2.298836	0.982486
2.321472	0.927786
2.343213	0.871470
2.363005	0.816214
2.381834	0.759479
2.399634	0.701268
2.416293	0.641579
2.430914	0.583664
2.444365	0.524440
2.456582	0.463922
2.467464	0.402122
2.476336	0.343182
2.483907	0.283161
2.490120	0.222084
2.494889	0.159980
2.497898	0.102599
2.499604	0.044420
2.499962	-0.014529
2.498907	-0.074214
2.496896	-0.124641
2.493832	-0.175535
2.489688	-0.226874
2.484430	-0.278632
2.477001	-0.338325
2.468033	-0.398488
2.457489	-0.459079
2.445319	-0.520047
2.429674	-0.588776
2.411884	-0.657842
2.391908	-0.727169
2.369679	-0.796667
2.343004	-0.871944
2.313590	-0.947205
2.281409	-1.022338
2.246386	-1.097199
2.205754	-1.176683
2.161814	-1.255549
2.114569	-1.333643
2.063957	-1.410757
2.006371	-1.491435
1.944996	-1.570592
1.879888	-1.648040
1.811028	-1.723489
1.733463	-1.801378
1.651801	-1.876488
1.566194	-1.948606
1.476700	-2.017354
1.388371	-2.079051
1.296850	-2.137293
1.202321	-2.191918
1.104929	-2.242640
1.009155	-2.287282
0.911129	-2.328036
0.811059	-2.364797
0.709138	-2.397367
0.610563	-2.424310
0.510707	-2.447272
0.409776	-2.466203
0.307975	-2.480996
0.212438	-2.490973
0.116505	-2.497285
0.020354	-2.499931
-0.075835	-2.498877
-0.159546	-2.494920
-0.243033	-2.488168
-0.326179	-2.478644
-0.408866	-2.466357
-0.499419	-2.449614
-0.589124	-2.429594
-0.677838	-2.406362
-0.765412	-2.379965
-0.865149	-2.345527
-0.962972	-2.307077
-1.058697	-2.264772
-1.152121	-2.218726
-1.253203	-2.163200
-1.351011	-2.103481
-1.445368	-2.039840
-1.536057	-1.972490
-1.632205	-1.893629
-1.723480	-1.810913
-1.809772	-1.724753
-1.890897	-1.635474
-1.971761	-1.536916
-2.046589	-1.435712
-2.115405	-1.332341
-2.178134	-1.227203
-2.234234	-1.121720
-2.284518	-1.015340
-2.329119	-0.908452
-2.368112	-0.801403
-2.402110	-0.692770
-2.430672	-0.584660
-2.454011	-0.477382
-2.472311	-0.371218
-2.486264	-0.261836
-2.495247	-0.154211
-2.499537	-0.048577
-2.499409	0.054861
-2.493948	0.174244
-2.483150	0.290056
-2.467456	0.402096
-2.447363	0.510222
-2.427091	0.599391
-2.404181	0.685576
-2.378874	0.768741
-2.351448	0.848890
-2.323236	0.923368
-2.293460	0.995053
-2.262297	1.063963
-2.229955	1.130147
-2.195574	1.195621
-2.160284	1.258288
-2.124230	1.318199
-2.087599	1.375442
-2.049672	1.431398
-2.011415	1.484700
-1.972940	1.535417
-1.934402	1.583662
-1.895140	1.630491
-1.856016	1.674913
-1.817111	1.717004
-1.778544	1.756891
-1.739415	1.795687
-1.700787	1.832337
-1.662712	1.866917
-1.625283	1.899561
-1.588997	1.930057
-1.553426	1.958819
-1.518597	1.985913
-1.484570	2.011453
-1.452457	2.034793
-1.421134	2.056804
-1.390616	2.077541
-1.360933	2.097090
-1.332640	2.115202
-1.305169	2.132272
-1.278523	2.148342
-1.252719	2.163479
-1.228092	2.177568
-1.204287	2.190830
-1.181303	2.203297
-1.159148	2.215025
-1.138133	2.225907
-1.117918	2.236133
-1.098497	2.245729
-1.079875	2.254737
-1.062322	2.263069
-1.045533	2.270878
-1.029504	2.278184
-1.014234	2.285018
-0.999943	2.291314
-0.986378	2.297189
-0.973534	2.302657
-0.961410	2.307742
-0.950179	2.312394
-0.939636	2.316700
-0.929777	2.320671
-0.920600	2.324324
-0.912236	2.327623
-0.904525	2.330632
-0.897462	2.333358
-0.891048	2.335814
-0.885372	2.337973
-0.880318	2.339882
-0.875880	2.341545
-0.872060	2.342969
-0.868911	2.344140
-0.866353	2.345088
-0.864384	2.345813
-0.863004	2.346321
-0.862226	2.346608
-0.862006	2.346689
-0.862344	2.346564
-0.863240	2.346235
-0.864611	2.345730
-0.866488	2.345037
-0.868871	2.344155
-0.871762	2.343082
-0.875886	2.341542
-0.880739	2.339721
-0.886324	2.337612
-0.892643	2.335208
-0.899697	2.332496
-0.907492	2.329473
-0.916032	2.326131
-0.925319	2.322455
-0.934814	2.318646
-0.944988	2.314516
-0.955846	2.310056
-0.967390	2.305249
-0.979251	2.300231
-0.991766	2.294860
-1.004941	2.289126
-1.018776	2.283006
-1.033070	2.276567
-1.048015	2.269723
-1.063616	2.262460
-1.079871	2.254751
-1.096625	2.246642
-1.114029	2.238059
-1.132087	2.228987
-1.150798	2.219391
-1.170037	2.209299
-1.189924	2.198646
-1.210464	2.187414
-1.231649	2.175564
-1.253394	2.163096
-1.275781	2.149962
-1.298811	2.136140
-1.322472	2.121583
-1.346720	2.106258
-1.371592	2.090138
-1.397086	2.073199
-1.423183	2.055386
-1.449885	2.036616
-1.477174	2.016899
-1.505047	1.996207
-1.533471	1.974473
-1.562505	1.951548
-1.592064	1.927495
-1.622139	1.902281
-1.652682	1.875831
-1.683818	1.847893
-1.715378	1.818614
-1.747345	1.787959
-1.779648	1.755842
-1.811930	1.722458
-1.844469	1.687541
-1.877240	1.651057
-1.910144	1.612916
-1.941502	1.574976
-1.972889	1.535448
-2.004267	1.494301
-2.035534	1.451462
-2.065250	1.408803
-2.094752	1.364521
-2.123991	1.318591
-2.152859	1.270956
-2.180141	1.223509
-2.206948	1.174433
-2.233226	1.123710
-2.258857	1.071300
-2.282687	1.019477
-2.305781	0.966074
-2.328077	0.911085
-2.349459	0.854489
-2.368883	0.798997
-2.387325	0.742036
-2.404723	0.683612
-2.420964	0.623722
-2.435164	0.565673
-2.448180	0.506329
-2.459952	0.445707
-2.470376	0.383823
-2.478801	0.324900
-2.485919	0.264917
-2.491675	0.203899
-2.495984	0.141873
-2.498566	0.084772
-2.499854	0.026895
-2.499802	-0.031728
-2.498350	-0.091065
-2.496056	-0.140474
-2.492748	-0.190322
-2.488401	-0.240588
-2.482982	-0.291248
-2.475140	-0.351680
-2.465715	-0.412583
-2.454672	-0.473912
-2.441957	-0.535614
-2.425742	-0.604773
-2.407347	-0.674254
-2.386733	-0.743979
-2.363831	-0.813856
-2.336415	-0.889447
-2.306226	-0.964995
-2.273236	-1.040384
-2.237372	-1.115467
-2.195825	-1.195108
-2.150940	-1.274086
-2.102721	-1.352247
-2.051108	-1.429375
-1.992432	-1.510005
-1.929943	-1.589052
-1.863701	-1.666322
-1.793692	-1.741525
-1.715132	-1.818840
-1.632493	-1.893310
-1.545930	-1.964721
-1.455509	-2.032697
-1.366658	-2.093389
-1.274672	-2.150595
-1.179735	-2.204157
-1.081997	-2.253793
-0.985926	-2.297391
-0.887661	-2.337086
-0.787409	-2.372776
-0.685367	-2.404270
-0.586801	-2.430171
-0.487010	-2.452098
-0.386200	-2.470005
-0.284575	-2.483788
-0.189444	-2.492827
-0.093963	-2.498235
0.001691	-2.500013
0.097343	-2.498131
0.179864	-2.493538
0.262139	-2.486229
0.344056	-2.476225
0.425503	-2.463541
0.516904	-2.445983
0.607410	-2.425086
0.696873	-2.400918
0.785140	-2.373530
0.885074	-2.338081
0.983031	-2.298601
1.078827	-2.255252
1.172258	-2.208154
1.273244	-2.151465
1.370877	-2.090587
1.464983	-2.025799
1.555347	-1.957317
1.651054	-1.877216
1.741803	-1.793295
1.827488	-1.705971
1.907926	-1.615577
1.987468	-1.516552
2.060980	-1.414980
2.128490	-1.311335
2.189936	-1.206015
2.244876	-1.100268
2.294014	-0.993702
2.337485	-0.886702
2.375374	-0.779613
2.408312	-0.670894
2.435835	-0.562763
2.458161	-0.455528
2.475478	-0.349465
2.488462	-0.240049
2.496497	-0.132452
2.499864	-0.026904
2.498843	0.076395
2.492119	0.198755
2.479827	0.317273
2.462442	0.431736
2.440514	0.542007
2.419442	0.629540
2.395857	0.714116
2.369989	0.795707
2.342110	0.874323
2.313499	0.947499
2.283404	1.017917
2.251995	1.085597
2.219476	1.150591
2.184749	1.215290
2.149161	1.277193
2.112858	1.336351
2.076023	1.392854
2.037921	1.448080
1.999529	1.500669
1.960959	1.550689
1.922362	1.598255
1.883088	1.644395
1.843984	1.688150
1.805129	1.729596
1.766640	1.768861
1.727595	1.807062
1.689076	1.843138
1.651132	1.877166
1.613855	1.909279
1.577928	1.939116
1.542724	1.967257
1.508271	1.993766
1.474624	2.018757
1.442848	2.041617
1.411867	2.063176
1.381692	2.083486
1.352355	2.102633
1.324370	2.120390
1.297208	2.137125
1.270872	2.152876
1.245379	2.167713
1.221059	2.181519
1.197561	2.194513
1.174883	2.206728
1.153031	2.218215
1.132317	2.228871
1.112401	2.238883
1.093277	2.248276
1.074948	2.257090
1.057682	2.265241
1.041178	2.272878
1.025430	2.280020
1.010439	2.286699
0.996420	2.292848
0.983124	2.298583
0.970547	2.303918
0.958687	2.308875
0.947714	2.313405
0.937426	2.317595
0.927820	2.321454
0.918893	2.325000
0.910773	2.328196
0.903304	2.331105
0.896482	2.333735
0.890305	2.336097
0.884863	2.338166
0.880038	2.339987
0.875830	2.341564
0.872237	2.342904
0.869310	2.343993
0.866972	2.344859
0.865221	2.345505
0.864057	2.345933
0.863489	2.346143
0.863476	2.346148
0.864018	2.345948
0.865116	2.345544
0.866790	2.344925
0.869032	2.344095
0.871844	2.343051
0.875227	2.341790
0.880906	2.339655
0.887705	2.337081
0.895631	2.334063
0.904686	2.330573
0.912753	2.327420
0.921552	2.323947
0.931089	2.320146
0.941366	2.315999
0.951544	2.311831
0.962364	2.307345
0.973831	2.302533
0.985946	2.297374
0.998660	2.291870
1.012026	2.285997
1.026047	2.279743
1.040725	2.273084
1.055909	2.266064
1.071743	2.258615
1.088235	2.250722
1.105382	2.242356
1.123029	2.233561
1.141326	2.224262
1.160278	2.214443
1.179881	2.204068
1.200024	2.193155
1.220813	2.181645
1.242253	2.169519
1.264335	2.156734
1.286988	2.143279
1.310277	2.129113
1.334205	2.114214
1.358756	2.098532
1.383901	2.082017
1.409659	2.064654
1.436029	2.046418
1.462987	2.027249
1.490552	2.007043
1.518686	1.985828
1.547383	1.963571
1.576606	1.940206
1.606434	1.915549
1.636757	1.889688
1.667562	1.862592
1.698792	1.834180
1.730602	1.804151
1.762787	1.772695
1.795326	1.739775
1.828136	1.705303
1.860148	1.670274
1.892334	1.633691
1.924666	1.595519
1.957044	1.555675
1.987880	1.516019
2.018657	1.474761
2.049335	1.431869
2.079807	1.387277
2.108739	1.342836
2.137361	1.296764
2.165624	1.249038
2.193415	1.199607
2.219537	1.150499
2.245087	1.099774
2.270009	1.047417
2.294184	0.993395
2.316495	0.940131
2.337977	0.885321
2.358568	0.828962
2.378150	0.771041
2.395735	0.714463
2.412258	0.656473
2.427656	0.597081
2.441819	0.536290
2.453939	0.477694
2.464820	0.417882
2.474401	0.356876
2.482585	0.294694
2.488834	0.236053
2.493762	0.176451
2.497315	0.115915
2.499418	0.054476
2.500004	-0.000841
2.499355	-0.056818
2.497429	-0.113426
2.494178	-0.170634
2.490006	-0.223357
2.484660	-0.276526
2.478113	-0.330111
2.470326	-0.384080
2.459448	-0.448439
2.446742	-0.513236
2.432168	-0.578414
2.415664	-0.643903
2.395302	-0.715886
2.372523	-0.788071
2.347289	-0.860368
2.319529	-0.932663
2.286801	-1.010191
2.251067	-1.087460
2.212310	-1.164340
2.170458	-1.240658
2.122404	-1.321107
2.070805	-1.400563
2.015686	-1.478856
1.957001	-1.555742
1.890608	-1.635691
1.820257	-1.713589
1.746041	-1.789234
1.667972	-1.862298
1.584975	-1.933334
1.498255	-2.001241
1.407980	-2.065827
1.314254	-2.126751
1.222070	-2.180959
1.127104	-2.231481
1.029555	-2.278178
0.929594	-2.320804
0.831930	-2.357530
0.732451	-2.390282
0.631367	-2.418978
0.528881	-2.443461
0.430863	-2.462605
0.331981	-2.477856
0.232430	-2.489186
0.132410	-2.496524
0.040701	-2.499684
-0.051079	-2.499483
-0.142774	-2.495933
-0.234227	-2.489026
-0.314332	-2.480175
-0.394028	-2.468762
-0.473213	-2.454818
-0.551785	-2.438362
-0.648003	-2.414558
-0.742950	-2.387044
-0.836458	-2.355922
-0.928345	-2.321267
-1.029302	-2.278268
-1.127806	-2.231132
-1.223672	-2.180059
-1.316686	-2.125203
-1.416480	-2.059982
-1.512344	-1.990640
-1.604122	-1.917507
-1.691605	-1.840840
-1.783646	-1.751717
-1.870091	-1.659069
-1.950881	-1.563368
-2.025859	-1.464992
-2.095754	-1.363025
-2.159692	-1.259210
-2.217746	-1.153985
-2.269915	-1.047730
-2.316375	-0.940461
-2.357158	-0.832928
-2.392434	-0.725488
-2.422327	-0.618462
-2.447583	-0.509315
-2.467595	-0.401230
-2.482606	-0.294486
-2.492839	-0.189331
-2.498761	-0.079175
-2.499848	0.028683
-2.496412	0.134037
-2.488773	0.236713
-2.475169	0.351727
-2.456838	0.462801
-2.434204	0.569791
-2.407782	0.672629
-2.383638	0.753833
-2.357442	0.832190
-2.329395	0.907694
-2.299737	0.980372
-2.268887	1.049851
-2.236810	1.116590
-2.203664	1.180622
-2.169639	1.242012
-2.133441	1.303260
-2.096602	1.361757
-2.059253	1.417561
-2.021566	1.470775
-1.982820	1.522656
-1.943964	1.571983
-1.905097	1.618827
-1.866357	1.663310
-1.827083	1.706406
-1.788117	1.747216
-1.749527	1.785818
-1.711420	1.822340
-1.672804	1.857898
-1.634819	1.891429
-1.597506	1.923008
-1.560947	1.952771
-1.526630	1.979751
-1.493070	2.005200
-1.460285	2.029176
-1.428321	2.051781
-1.398048	2.072552
-1.368580	2.092139
-1.339926	2.110590
-1.312109	2.127981
-1.285484	2.144188
-1.259685	2.159454
-1.234713	2.173816
-1.210580	2.187338
-1.187604	2.199910
-1.165444	2.211736
-1.144096	2.222845
-1.123565	2.233286
-1.104153	2.242956
-1.085527	2.252035
-1.067682	2.260543
-1.050618	2.268518
-1.034584	2.275883
-1.019299	2.282773
-1.004757	2.289206
-0.990956	2.295209
-0.978097	2.300724
-0.965947	2.305854
-0.954502	2.310612
-0.943760	2.315017
-0.933876	2.319026
-0.924664	2.322716
-0.916121	2.326096
-0.908245	2.329180
-0.901150	2.331937
-0.894693	2.334424
-0.888871	2.336645
-0.883685	2.338609
-0.879207	2.340298
-0.875337	2.341750
-0.872073	2.342966
-0.869414	2.343953
-0.867397	2.344701
-0.865958	2.345233
-0.865097	2.345551
-0.864812	2.345655
-0.865086	2.345555
-0.865897	2.345256
-0.867245	2.344757
-0.869133	2.344058
-0.872476	2.342814
-0.876774	2.341209
-0.882031	2.339235
-0.888249	2.336883
-0.895043	2.334285
-0.902712	2.331328
-0.911261	2.328005
-0.920692	2.324295
-0.929651	2.320721
-0.939291	2.316834
-0.949616	2.312625
-0.960628	2.308075
-0.971937	2.303331
-0.983898	2.298245
-0.996514	2.292807
-1.009787	2.286996
-1.023581	2.280849
-1.038026	2.274308
-1.053130	2.267360
-1.068890	2.259977
-1.085144	2.252210
-1.102050	2.243982
-1.119613	2.235279
-1.137829	2.226067
-1.156564	2.216381
-1.175950	2.206152
-1.195990	2.195361
-1.216679	2.183972
-1.237921	2.171989
-1.259808	2.159361
-1.282341	2.146067
-1.305511	2.132062
-1.329262	2.117319
-1.353642	2.101808
-1.378651	2.085504
-1.404270	2.068353
-1.430491	2.050284
-1.457309	2.031300
-1.484721	2.011370
-1.512697	1.990433
-1.541282	1.968353
-1.570407	1.945181
-1.600065	1.920885
-1.630210	1.895392
-1.660952	1.868473
-1.692142	1.840255
-1.723764	1.810704
-1.755752	1.779735
-1.788091	1.747190
-1.820729	1.713126
-1.853640	1.677508
-1.886731	1.640243
-1.918275	1.603184
-1.949892	1.564548
-1.981547	1.524302
-2.013136	1.482371
-2.043174	1.440634
-2.073043	1.397282
-2.102699	1.352287
-2.132033	1.305590
-2.159828	1.259020
-2.187198	1.210816
-2.214088	1.160962
-2.240384	1.109414
-2.264915	1.058373
-2.288757	1.005740
-2.311852	0.951504
-2.334081	0.895642
-2.354378	0.840776
-2.373738	0.784416
-2.392096	0.726564
-2.409340	0.667217
-2.424552	0.609550
-2.438615	0.550553
-2.451466	0.490239
-2.463000	0.428620
-2.472514	0.369712
-2.480738	0.309696
-2.487613	0.248596
-2.493052	0.186438
-2.496687	0.128729
-2.499013	0.070188
-2.499980	0.010845
-2.499524	-0.049268
-2.497966	-0.100959
-2.495306	-0.153158
-2.491516	-0.205839
-2.486556	-0.258977
-2.479759	-0.317486
-2.471489	-0.376465
-2.461711	-0.435874
-2.450377	-0.495666
-2.435621	-0.563671
-2.418776	-0.632035
-2.399800	-0.700685
-2.378627	-0.769536
-2.353118	-0.844272
-2.324925	-0.919034
-2.294020	-0.993716
-2.260329	-1.068180
-2.221145	-1.147368
-2.178706	-1.226006
-2.133009	-1.303947
-2.083992	-1.380987
-2.028144	-1.461690
-1.968548	-1.540973
-1.905253	-1.618649
-1.838234	-1.694438
-1.762701	-1.772780
-1.683090	-1.848479
-1.599542	-1.921325
-1.512107	-1.990949
-1.424660	-2.054350
-1.333923	-2.114349
-1.240080	-2.170778
-1.143268	-2.223341
-1.048047	-2.269724
-0.950478	-2.312249
-0.850766	-2.350803
-0.749103	-2.385182
-0.650580	-2.413878
-0.550682	-2.438587
-0.449615	-2.459252
-0.347585	-2.475758
-0.251448	-2.487337
-0.154836	-2.495201
-0.057930	-2.499343
0.039086	-2.499723
0.124607	-2.496909
0.209944	-2.491178
0.294976	-2.482550
0.379574	-2.471035
0.468583	-2.455701
0.556827	-2.437201
0.644169	-2.415593
0.730468	-2.390921
0.829784	-2.358271
0.927297	-2.321647
1.022823	-2.281197
1.116164	-2.237030
1.217355	-2.183576
1.315410	-2.125927
1.410149	-2.064344
1.501356	-1.999028
1.598225	-1.922395
1.690377	-1.841853
1.777694	-1.757797
1.859985	-1.670544
1.943188	-1.572882
2.020352	-1.472398
2.091488	-1.369579
2.156505	-1.264828
2.214666	-1.159877
2.266992	-1.053889
2.313608	-0.947260
2.354577	-0.840343
2.390477	-0.731905
2.420903	-0.623872
2.446064	-0.516560
2.466134	-0.410256
2.481837	-0.300919
2.492528	-0.193230
2.498480	-0.087431
2.499959	0.016267
2.496518	0.132332
2.487977	0.245160
2.474736	0.354555
2.457235	0.460374
2.438299	0.552050
2.416529	0.640703
2.392179	0.726287
2.365540	0.808795
2.338128	0.884983
2.309039	0.958348
2.278456	1.028904
2.246595	1.096696
2.212862	1.163313
2.178141	1.227116
2.142585	1.288151
2.106381	1.346504
2.068824	1.403575
2.030872	1.457971
1.992642	1.509760
1.954292	1.559051
1.915154	1.606934
1.876104	1.652380
1.837225	1.695464
1.798641	1.736312
1.759490	1.776021
1.720801	1.813554
1.682628	1.848987
1.645068	1.882453
1.608294	1.914008
1.572220	1.943768
1.536877	1.971800
1.502328	1.998224
1.469762	2.022328
1.437983	2.045061
1.407003	2.066478
1.376858	2.086668
1.348167	2.105340
1.320297	2.122939
1.293250	2.139509
1.267046	2.155119
1.242024	2.169651
1.217827	2.183332
1.194453	2.196196
1.171911	2.208298
1.150515	2.219532
1.129924	2.230091
1.110132	2.240001
1.091143	2.249305
1.073236	2.257913
1.056098	2.265984
1.039726	2.273537
1.024118	2.280604
1.009502	2.287119
0.995618	2.293200
0.982460	2.298863
0.970028	2.304133
0.958500	2.308957
0.947666	2.313427
0.937522	2.317553
0.928065	2.321353
0.919432	2.324790
0.911457	2.327930
0.904136	2.330781
0.897468	2.333354
0.891549	2.335624
0.886256	2.337639
0.881586	2.339403
0.877537	2.340923
0.874169	2.342185
0.871396	2.343219
0.869218	2.344027
0.867633	2.344613
0.866660	2.344974
0.866250	2.345126
0.866404	2.345068
0.867121	2.344803
0.868312	2.344362
0.870002	2.343736
0.872192	2.342922
0.874884	2.341918
0.878809	2.340447
0.883472	2.338690
0.888873	2.336644
0.895015	2.334300
0.901900	2.331645
0.909532	2.328677
0.917917	2.325388
0.927055	2.321763
0.936415	2.317999
0.946460	2.313914
0.957196	2.309498
0.968623	2.304731
0.980355	2.299761
0.992744	2.294437
1.005795	2.288751
1.019510	2.282678
1.033681	2.276290
1.048505	2.269496
1.063988	2.262285
1.080127	2.254629
1.096764	2.246575
1.114053	2.238048
1.131999	2.229032
1.150598	2.219495
1.169725	2.209463
1.189502	2.198874
1.209934	2.187707
1.231013	2.175924
1.252651	2.163527
1.274932	2.150465
1.297859	2.136719
1.321418	2.122240
1.345563	2.106997
1.370333	2.090963
1.395729	2.074113
1.421729	2.056392
1.448333	2.037720
1.475527	2.018104
1.503308	1.997517
1.531642	1.975892
1.560585	1.953084
1.590057	1.929151
1.620048	1.904062
1.650509	1.877742
1.681565	1.849944
1.713048	1.820809
1.744943	1.790303
1.777178	1.758342
1.809432	1.725081
1.841949	1.690291
1.874704	1.653935
1.907599	1.615925
1.938952	1.578115
1.970339	1.538719
2.001725	1.497705
2.033006	1.455001
2.062739	1.412478
2.092263	1.368334
2.121532	1.322544
2.150437	1.275049
2.177764	1.227734
2.204624	1.178790
2.230961	1.128198
2.256660	1.075920
2.280564	1.024218
2.303739	0.970934
2.326123	0.916063
2.347600	0.859581
2.367125	0.804190
2.385675	0.747327
2.403186	0.688996
2.419547	0.629197
2.433869	0.571216
2.447014	0.511936
2.458919	0.451373
2.469481	0.389542
2.478042	0.330637
2.485300	0.270666
2.491197	0.209654
2.495650	0.147627
2.498367	0.090457
2.499787	0.032504
2.499866	-0.026202
2.498542	-0.085630
2.496338	-0.135360
2.493108	-0.185538
2.488826	-0.236143
2.483460	-0.287149
2.475755	-0.347325
2.466483	-0.407971
2.455606	-0.469045
2.443074	-0.530493
2.427052	-0.599493
2.408863	-0.668820
2.388466	-0.738398
2.365794	-0.808134
2.338632	-0.883603
2.308710	-0.959038
2.275999	-1.034325
2.240426	-1.109319
2.199198	-1.188891
2.154643	-1.267815
2.106764	-1.345938
2.055502	-1.423048
1.997211	-1.503679
1.935115	-1.582749
1.869275	-1.660068
1.799673	-1.735343
1.721359	-1.812947
1.638951	-1.887721
1.552601	-1.959454
1.462375	-2.027763
1.373721	-2.088761
1.281915	-2.146286
1.187142	-2.200177
1.089548	-2.250153
0.993592	-2.294086
0.895423	-2.334123
0.795249	-2.370160
0.693265	-2.402004
0.594710	-2.428247
0.494913	-2.450515
0.394078	-2.468760
0.292410	-2.482878
0.197155	-2.492229
0.101537	-2.497939
0.005729	-2.500008
-0.090089	-2.498403
-0.173006	-2.494023
-0.255684	-2.486901
-0.338010	-2.477058
-0.419870	-2.464507
-0.510973	-2.447230
-0.601196	-2.426634
-0.690395	-2.402789
-0.778417	-2.375743
-0.878271	-2.340645
-0.976170	-2.301524
-1.071930	-2.258539
-1.165347	-2.211808
-1.266353	-2.155529
-1.364033	-2.095059
-1.458214	-2.030677
-1.548679	-1.962596
-1.644526	-1.882938
-1.735445	-1.799449
-1.821330	-1.712543
-1.901998	-1.622552
-1.981990	-1.523704
-2.055951	-1.422276
-2.123908	-1.318743
-2.185795	-1.213504
-2.241137	-1.107865
-2.290672	-1.001380
-2.334537	-0.894437
-2.372811	-0.787380
-2.406122	-0.678703
-2.434013	-0.570593
-2.456697	-0.463357
-2.474364	-0.357273
-2.487695	-0.247868
-2.496070	-0.140261
-2.499769	-0.034684
-2.499067	0.068662
-2.492795	0.190063
-2.481029	0.307710
-2.464233	0.421396
-2.442939	0.530982
-2.422174	0.618951
-2.398861	0.703961
-2.373233	0.785982
-2.345562	0.865019
-2.317131	0.938582
-2.287191	1.009379
-2.255915	1.077428
-2.223507	1.142782
-2.188948	1.207711
-2.153512	1.269842
-2.117347	1.329228
-2.080634	1.385957
-2.042649	1.441403
-2.004361	1.494209
-1.965882	1.544443
-1.927364	1.592220
-1.888156	1.638573
-1.849108	1.682536
-1.810299	1.724184
-1.771846	1.763646
-1.732839	1.802034
-1.694349	1.838292
-1.656426	1.872496
-1.619163	1.904779
-1.583162	1.934846
-1.547881	1.963203
-1.513349	1.989915
-1.479622	2.015096
-1.447783	2.038121
-1.416738	2.059835
-1.386499	2.080291
-1.357098	2.099574
-1.329065	2.117450
-1.301857	2.134296
-1.275475	2.150153
-1.249935	2.165089
-1.225571	2.178987
-1.202031	2.192068
-1.179311	2.204364
-1.157420	2.215928
-1.136668	2.226655
-1.116715	2.236734
-1.097557	2.246189
-1.079196	2.255062
-1.061900	2.263266
-1.045369	2.270953
-1.029596	2.278142
-1.014582	2.284863
-1.000543	2.291052
-0.987230	2.296823
-0.974637	2.302191
-0.962763	2.307178
-0.951780	2.311735
-0.941484	2.315950
-0.931872	2.319831
-0.922941	2.323396
-0.914821	2.326608
-0.907353	2.329532
-0.900534	2.332175
-0.894363	2.334546
-0.888929	2.336623
-0.884116	2.338450
-0.879920	2.340030
-0.876343	2.341371
-0.873433	2.342459
-0.871115	2.343323
-0.869386	2.343964
-0.868247	2.344386
-0.867704	2.344587
-0.867719	2.344582
-0.868290	2.344370
-0.869420	2.343952
-0.871144	2.343311
-0.873448	2.342453
-0.876333	2.341376
-0.879800	2.340076
-0.885527	2.337909
-0.892366	2.335305
-0.900323	2.332257
-0.909400	2.328738
-0.917520	2.325545
-0.926374	2.322029
-0.935966	2.318183
-0.946300	2.313987
-0.956551	2.309764
-0.967448	2.305219
-0.978994	2.300342
-0.991192	2.295116
-1.003984	2.289543
-1.017431	2.283597
-1.031535	2.277265
-1.046299	2.270524
-1.061568	2.263418
-1.077491	2.255878
-1.094073	2.247889
-1.111312	2.239423
-1.129053	2.230521
-1.147447	2.221111
-1.166497	2.211174
-1.186199	2.200674
-1.206442	2.189630
-1.227334	2.177983
-1.248877	2.165712
-1.271063	2.152776
-1.293821	2.139160
-1.317216	2.124827
-1.341250	2.109752
-1.365907	2.093885
-1.391158	2.077174
-1.417022	2.059607
-1.443498	2.041157
-1.470558	2.021764
-1.498226	2.001321
-1.526461	1.979857
-1.555256	1.957341
-1.584573	1.933705
-1.614495	1.908760
-1.644906	1.882599
-1.675793	1.855189
-1.707100	1.826450
-1.738984	1.796073
-1.771234	1.764254
-1.803830	1.730957
-1.836686	1.696091
-1.868605	1.660807
-1.900687	1.623966
-1.932900	1.585535
-1.965144	1.545430
-1.995852	1.505510
-2.026486	1.463985
-2.057007	1.420826
-2.087307	1.375966
-2.116070	1.331253
-2.144508	1.284909
-2.172573	1.236911
-2.200149	1.187210
-2.226045	1.137856
-2.251354	1.086886
-2.276020	1.034289
-2.299924	0.980033
-2.321956	0.926563
-2.343144	0.871555
-2.363427	0.815005
-2.382688	0.756902
-2.399947	0.700183
-2.416134	0.642063
-2.431183	0.582552
-2.444988	0.521655
-2.456751	0.463015
-2.467269	0.403173
-2.476480	0.342151
-2.484288	0.279971
-2.490177	0.221436
-2.494745	0.161956
-2.497940	0.101561
-2.499687	0.040280
-2.499962	-0.014640
-2.499015	-0.070200
-2.496808	-0.126371
-2.493292	-0.183123
-2.488769	-0.236734
-2.483030	-0.290796
-2.476044	-0.345279
-2.467774	-0.400150
-2.456359	-0.465064
-2.443077	-0.530406
-2.427889	-0.596118
-2.410732	-0.662129
-2.389651	-0.734530
-2.366113	-0.807110
-2.340084	-0.879777
-2.311490	-0.952414
-2.277855	-1.030205
-2.241177	-1.107698
-2.201442	-1.184760
-2.158579	-1.261215
-2.109426	-1.341731
-2.056699	-1.421196
-2.000424	-1.499438
-1.940558	-1.576207
-1.872875	-1.655965
-1.801214	-1.733592
-1.725676	-1.808884
-1.646277	-1.881507
-1.562608	-1.951460
-1.475278	-2.018243
-1.384457	-2.081666
-1.290254	-2.141395
-1.197593	-2.194496
-1.102212	-2.243882
-1.004310	-2.289419
-0.904062	-2.330867
-0.806223	-2.366445
-0.706632	-2.398042
-0.605499	-2.425582
-0.503028	-2.448913
-0.405206	-2.466957
-0.306578	-2.481127
-0.207336	-2.491402
-0.107680	-2.497712
-0.016695	-2.499960
0.074318	-2.498900
0.165210	-2.494549
0.255826	-2.486898
0.337449	-2.477134
0.418614	-2.464711
0.499215	-2.449662
0.579143	-2.432010
0.675940	-2.406886
0.771388	-2.378005
0.865316	-2.345476
0.957539	-2.309377
1.058617	-2.264795
1.157140	-2.216059
1.252923	-2.163381
1.345752	-2.106919
1.445177	-2.039951
1.540554	-1.968888
1.631731	-1.894068
1.718501	-1.815759
1.809677	-1.724811
1.895126	-1.630411
1.974802	-1.533041
2.048554	-1.433089
2.116465	-1.330642
2.178445	-1.226487
2.234574	-1.121054
2.284862	-1.014718
2.329585	-0.907247
2.368664	-0.799625
2.402276	-0.692200
2.430555	-0.585288
2.454259	-0.476102
2.472759	-0.368074
2.486299	-0.261476
2.495111	-0.156551
2.499592	-0.046016
2.499242	0.062108
2.494382	0.167619
2.485342	0.270349
2.471285	0.377996
2.453113	0.482097
2.431186	0.582540
2.405927	0.679269
2.381593	0.760287
2.355224	0.838453
2.327024	0.913762
2.297227	0.986242
2.265987	1.056098
2.233516	1.123167
2.199975	1.187483
2.165558	1.249113
2.129290	1.310031
2.092399	1.368205
2.055018	1.423694
2.017315	1.476600
1.978603	1.528132
1.939796	1.577123
1.900993	1.623645
1.862329	1.667819
1.823112	1.710648
1.784215	1.751201
1.745704	1.789555
1.707686	1.825839
1.669241	1.861099
1.631433	1.894350
1.594303	1.925665
1.557931	1.955178
1.523784	1.981943
1.490397	2.007187
1.457788	2.030970
1.426003	2.053393
1.395892	2.074004
1.366590	2.093440
1.338102	2.111747
1.310452	2.129002
1.283995	2.145080
1.258366	2.160223
1.233563	2.174469
1.209600	2.187880
1.186794	2.200348
1.164804	2.212074
1.143626	2.223087
1.123265	2.233437
1.104021	2.243021
1.085563	2.252017
1.067885	2.260447
1.050989	2.268346
1.035121	2.275639
1.020001	2.282459
1.005623	2.288825
0.991988	2.294763
0.979292	2.300216
0.967305	2.305285
0.956023	2.309983
0.945444	2.314329
0.935721	2.318281
0.926671	2.321916
0.918290	2.325240
0.910577	2.328270
0.903641	2.330973
0.897345	2.333405
0.891685	2.335572
0.886660	2.337483
0.882343	2.339118
0.878633	2.340515
0.875531	2.341676
0.873034	2.342607
0.871177	2.343299
0.869899	2.343775
0.869198	2.344034
0.869075	2.344079
0.869503	2.343921
0.870466	2.343563
0.871966	2.343006
0.874002	2.342247
0.877840	2.340809
0.882778	2.338950
0.888820	2.336665
0.895968	2.333936
0.903104	2.331179
0.911090	2.328067
0.919930	2.324593
0.929627	2.320736
0.938850	2.317015
0.948742	2.312980
0.959306	2.308622
0.970545	2.303923
0.982191	2.298977
0.994490	2.293681
1.007447	2.288024
1.021062	2.281984
1.035204	2.275598
1.050000	2.268805
1.065456	2.261594
1.081571	2.253936
1.098181	2.245882
1.115443	2.237355
1.133365	2.228337
1.151941	2.218798
1.171042	2.208766
1.190795	2.198174
1.211203	2.187005
1.232259	2.175219
1.253874	2.162818
1.276133	2.149753
1.299038	2.136002
1.322578	2.121518
1.346703	2.106269
1.371454	2.090229
1.396831	2.073371
1.422813	2.055642
1.449399	2.036962
1.476576	2.017337
1.504339	1.996740
1.532657	1.975105
1.561584	1.952286
1.591039	1.928341
1.621014	1.903240
1.651460	1.876907
1.682499	1.849094
1.713967	1.819944
1.745846	1.789423
1.778065	1.757444
1.810291	1.724180
1.842779	1.689387
1.875504	1.653028
1.908370	1.615015
1.939695	1.577201
1.971055	1.537801
2.002414	1.496784
2.033667	1.454077
2.063374	1.411551
2.092871	1.367404
2.122114	1.321611
2.150991	1.274114
2.178292	1.226798
2.205125	1.177853
2.231435	1.127262
2.257106	1.074983
2.280984	1.023283
2.304132	0.970001
2.326489	0.915133
2.347939	0.858655
2.367437	0.803269
2.385961	0.746411
2.403446	0.688088
2.419781	0.628296
2.434078	0.570325
2.447198	0.511055
2.459078	0.450504
2.469616	0.388685
2.478154	0.329797
2.485389	0.269843
2.491265	0.208848
2.495696	0.146841
2.498394	0.089697
2.499797	0.031771
2.499859	-0.026908
2.498519	-0.086307
2.496304	-0.135981
2.493066	-0.186103
2.488778	-0.236651
2.483408	-0.287599
2.475689	-0.347791
2.466403	-0.408455
2.455511	-0.469545
2.442962	-0.531010
2.426924	-0.600013
2.408717	-0.669342
2.388303	-0.738923
2.365613	-0.808661
2.338434	-0.884128
2.308493	-0.959561
2.275762	-1.034846
2.240170	-1.109837
2.198921	-1.189402
2.154346	-1.268319
2.106447	-1.346435
2.055165	-1.423536
1.996852	-1.504156
1.934735	-1.583214
1.868874	-1.660519
1.799252	-1.735780
1.720930	-1.813354
1.638517	-1.888098
1.552164	-1.959800
1.461936	-2.028080
1.373280	-2.089051
1.281473	-2.146549
1.186701	-2.200414
1.089111	-2.250364
0.993158	-2.294273
0.894995	-2.334287
0.794828	-2.370302
0.692852	-2.402123
0.594308	-2.428346
0.494521	-2.450594
0.393699	-2.468821
0.292044	-2.482921
0.196806	-2.492256
0.101204	-2.497952
0.005414	-2.500008
-0.090386	-2.498392
-0.173277	-2.494004
-0.255929	-2.486875
-0.338228	-2.477028
-0.420061	-2.464475
-0.511166	-2.447189
-0.601392	-2.426586
-0.690592	-2.402732
-0.778615	-2.375678
-0.878461	-2.340573
-0.976353	-2.301446
-1.072105	-2.258455
-1.165515	-2.211720
-1.266510	-2.155436
-1.364181	-2.094963
-1.458351	-2.030578
-1.548806	-1.962496
-1.644641	-1.882837
-1.735549	-1.799349
-1.821423	-1.712445
-1.902079	-1.622456
-1.982058	-1.523616
-2.056006	-1.422196
-2.123952	-1.318673
-2.185828	-1.213444
-2.241162	-1.107815
-2.290690	-1.001340
-2.334548	-0.894407
-2.372817	-0.787360
-2.406126	-0.678692
-2.434013	-0.570590
-2.456696	-0.463364
-2.474362	-0.357289
-2.487694	-0.247882
-2.496069	-0.140275
-2.499768	-0.034698
-2.499068	0.068647
-2.492786	0.190183
-2.480999	0.307956
-2.464171	0.421757
-2.442838	0.531445
-2.422080	0.619317
-2.398781	0.704233
-2.373172	0.786164
-2.345526	0.865117
-2.317119	0.938612
-2.287206	1.009344
-2.255960	1.077333
-2.223585	1.142630
-2.189050	1.207525
-2.153642	1.269624
-2.117504	1.328978
-2.080820	1.385678
-2.042866	1.441095
-2.004611	1.493874
-1.966166	1.544082
-1.927682	1.591835
-1.888512	1.638163
-1.849502	1.682103
-1.810731	1.723730
-1.772318	1.763172
-1.733352	1.801540
-1.694904	1.837780
-1.657024	1.871967
-1.619803	1.904235
-1.583836	1.934294
-1.548591	1.962643
-1.514095	1.989347
-1.480404	2.014522
-1.448602	2.037539
-1.417594	2.059246
-1.387393	2.079694
-1.358030	2.098971
-1.330038	2.116840
-1.302869	2.133678
-1.276528	2.149528
-1.251029	2.164457
-1.226707	2.178348
-1.203209	2.191422
-1.180532	2.203710
-1.158685	2.215267
-1.137976	2.225987
-1.118068	2.236058
-1.098954	2.245506
-1.080638	2.254371
-1.063388	2.262567
-1.046903	2.270246
-1.031177	2.277427
-1.016211	2.284139
-1.002220	2.290319
-0.988955	2.296081
-0.976412	2.301438
-0.964589	2.306415
-0.953656	2.310962
-0.943411	2.315165
-0.933851	2.319035
-0.924973	2.322587
-0.916906	2.325787
-0.909492	2.328698
-0.902729	2.331326
-0.896614	2.333683
-0.891236	2.335744
-0.886479	2.337555
-0.882342	2.339118
-0.878823	2.340441
-0.875973	2.341511
-0.873715	2.342355
-0.872047	2.342976
-0.870969	2.343376
-0.870488	2.343555
-0.870564	2.343527
-0.871198	2.343291
-0.872391	2.342847
-0.874217	2.342167
-0.876645	2.341259
-0.879675	2.340122
-0.883309	2.338753
-0.889110	2.336549
-0.895998	2.333915
-0.903978	2.330843
-0.913052	2.327308
-0.921239	2.324074
-0.930157	2.320516
-0.939813	2.316626
-0.950207	2.312385
-0.960555	2.308102
-0.971550	2.303492
-0.983200	2.298548
-0.995503	2.293249
-1.008389	2.287607
-1.021930	2.281587
-1.036131	2.275178
-1.050993	2.268356
-1.066359	2.261165
-1.082381	2.253536
-1.099063	2.245454
-1.116402	2.236889
-1.134247	2.227885
-1.152745	2.218366
-1.171901	2.208314
-1.191709	2.197695
-1.212060	2.186526
-1.233060	2.174746
-1.254713	2.162336
-1.277009	2.149254
-1.299878	2.135485
-1.323384	2.120991
-1.347528	2.105748
-1.372294	2.089704
-1.397657	2.072807
-1.423631	2.055045
-1.450214	2.036390
-1.477380	2.016784
-1.505155	1.996115
-1.533494	1.974415
-1.562390	1.951652
-1.591803	1.927758
-1.621821	1.902539
-1.652322	1.876093
-1.683296	1.848385
-1.714681	1.819335
-1.746641	1.788627
-1.778960	1.756463
-1.811615	1.722807
-1.844520	1.687569
-1.876361	1.652041
-1.908351	1.614954
-1.940459	1.576273
-1.972586	1.535919
-2.003179	1.495746
-2.033686	1.453967
-2.064064	1.410553
-2.094208	1.365439
-2.122818	1.320466
-2.151089	1.273862
-2.178971	1.225605
-2.206350	1.175646
-2.232037	1.126056
-2.257124	1.074854
-2.281552	1.022028
-2.305204	0.967547
-2.326976	0.913882
-2.347892	0.858684
-2.367888	0.801952
-2.386849	0.743675
-2.403805	0.686822
-2.419677	0.628578
-2.434402	0.568954
-2.447870	0.507955
-2.459301	0.449274
-2.469480	0.389405
-2.478345	0.328369
-2.485803	0.266189
-2.491356	0.207758
-2.495588	0.148399
-2.498450	0.088140
-2.499865	0.027013
-2.499853	-0.027514
-2.498634	-0.082661
-2.496170	-0.138402
-2.492414	-0.194705
-2.487560	-0.249112
-2.481451	-0.303975
-2.474054	-0.359261
-2.465331	-0.414936
-2.453415	-0.480351
-2.439598	-0.546185
-2.423839	-0.612377
-2.406076	-0.678855
-2.384326	-0.751632
-2.360085	-0.824569
-2.333318	-0.897568
-2.303951	-0.970509
-2.269476	-1.048534
-2.231925	-1.126224
-2.191284	-1.203445
-2.147485	-1.280015
-2.097315	-1.360583
-2.043544	-1.440046
-1.986200	-1.518229
-1.925243	-1.594878
-1.856368	-1.674449
-1.783497	-1.751813
-1.706737	-1.826765
-1.626109	-1.898966
-1.541832	-1.967919
-1.453951	-2.033663
-1.362637	-2.096014
-1.268006	-2.154643
-1.174918	-2.206719
-1.079168	-2.255056
-0.980954	-2.299524
-0.880454	-2.339886
-0.782469	-2.374405
-0.682790	-2.404940
-0.581628	-2.431416
-0.479186	-2.453689
-0.381565	-2.470724
-0.283190	-2.483906
-0.184253	-2.493215
-0.084950	-2.498588
0.005326	-2.500010
0.095594	-2.498177
0.185708	-2.493106
0.275517	-2.484793
0.358447	-2.474182
0.440874	-2.460826
0.522687	-2.444760
0.603771	-2.426013
0.701054	-2.399691
0.796918	-2.369571
0.891187	-2.335769
0.983675	-2.298367
1.084833	-2.252355
1.183344	-2.202178
1.279023	-2.148053
1.371654	-2.090149
1.470723	-2.021611
1.565636	-1.949002
1.656245	-1.872670
1.742347	-1.792891
1.832719	-1.700306
1.917249	-1.604337
1.995897	-1.505474
2.068522	-1.404115
2.134655	-1.301266
2.194879	-1.196832
2.249285	-1.091238
2.297891	-0.984853
2.341055	-0.877226
2.378607	-0.769547
2.410729	-0.662159
2.437564	-0.555371
2.459880	-0.446155
2.477024	-0.338183
2.489249	-0.231721
2.496789	-0.127006
2.499964	-0.016016
2.498305	0.092454
2.492138	0.198205
2.481806	0.301073
2.467098	0.404398
2.448626	0.504370
2.426715	0.600894
2.401744	0.693927
2.377040	0.774411
2.350343	0.852043
2.321854	0.926821
2.291807	0.998775
2.260202	1.068426
2.227389	1.135272
2.193529	1.199348
2.158818	1.260726
2.122410	1.321148
2.085409	1.378836
2.047945	1.433849
2.010185	1.486291
1.971454	1.537344
1.932652	1.585870
1.893874	1.631942
1.855256	1.675683
1.816078	1.718114
1.777238	1.758282
1.738800	1.796264
1.700871	1.832190
1.662657	1.866983
1.625089	1.899794
1.588206	1.930696
1.552088	1.959820
1.518166	1.986249
1.485008	2.011176
1.452632	2.034661
1.421081	2.056803
1.391180	2.077168
1.362088	2.096371
1.333813	2.114458
1.306378	2.131505
1.280135	2.147386
1.254720	2.162342
1.230132	2.176412
1.206384	2.189655
1.183792	2.201964
1.162016	2.213539
1.141051	2.224410
1.120902	2.234624
1.101867	2.244081
1.083616	2.252955
1.066144	2.261269
1.049452	2.269058
1.033785	2.276246
1.018864	2.282967
1.004686	2.289237
0.991248	2.295083
0.978745	2.300448
0.966951	2.305433
0.955861	2.310050
0.945473	2.314318
0.935937	2.318194
0.927074	2.321755
0.918878	2.325008
0.911350	2.327967
0.904596	2.330603
0.898481	2.332968
0.893002	2.335069
0.888157	2.336915
0.884016	2.338486
0.880484	2.339819
0.877557	2.340917
0.875236	2.341785
0.873552	2.342415
0.872446	2.342828
0.871916	2.343024
0.871964	2.343006
0.872553	2.342787
0.873674	2.342370
0.875327	2.341752
0.877514	2.340934
0.880926	2.339651
0.885144	2.338058
0.890171	2.336150
0.896008	2.333919
0.902657	2.331352
0.910123	2.328446
0.918411	2.325193
0.927524	2.321576
0.936556	2.317943
0.946281	2.313987
0.956705	2.309701
0.967829	2.305065
0.979226	2.300241
0.991283	2.295069
1.004004	2.289537
1.017390	2.283624
1.031256	2.277390
1.045777	2.270755
1.060960	2.263707
1.076803	2.256218
1.093143	2.248339
1.110137	2.239993
1.127791	2.231164
1.146101	2.221820
1.164936	2.211993
1.184422	2.201615
1.204566	2.190668
1.225360	2.179113
1.246710	2.166955
1.268706	2.154144
1.291351	2.140658
1.314632	2.126450
1.338497	2.111493
1.362990	2.095757
1.388114	2.079218
1.413846	2.061819
1.440181	2.043490
1.467112	2.024231
1.494635	2.004014
1.522719	1.982777
1.551411	1.960379
1.580640	1.936875
1.610398	1.912231
1.640636	1.886375
1.671470	1.859070
1.702744	1.830449
1.734443	1.800478
1.766496	1.769071
1.798738	1.736228
1.831263	1.701862
1.864045	1.665938
1.896991	1.628366
1.928398	1.590993
1.959863	1.552040
1.991348	1.511475
2.022752	1.469223
2.052608	1.427160
2.082280	1.383479
2.111720	1.338155
2.140821	1.291130
2.168369	1.244253
2.195473	1.195746
2.222080	1.145591
2.248075	1.093746
2.272293	1.042438
2.295807	0.989544
2.318554	0.935054
2.340419	0.878947
2.360345	0.823875
2.379319	0.767320
2.397276	0.709286
2.414104	0.649768
2.428900	0.591990
2.442535	0.532897
2.454946	0.472502
2.466031	0.410819
2.475106	0.351940
2.482886	0.291972
2.489314	0.230939
2.494303	0.168868
2.497520	0.111420
2.499433	0.053162
2.499997	-0.005876
2.499147	-0.065662
2.497289	-0.116502
2.494363	-0.167823
2.490340	-0.219602
2.485185	-0.271813
2.477982	-0.331062
2.469265	-0.390783
2.458997	-0.450932
2.447129	-0.511462
2.431808	-0.579900
2.414364	-0.648683
2.394755	-0.717738
2.372915	-0.786975
2.346673	-0.862022
2.317714	-0.937070
2.286009	-1.012009
2.251486	-1.086696
2.211399	-1.166039
2.168028	-1.244790
2.121370	-1.322798
2.071365	-1.399857
2.014444	-1.480513
1.953751	-1.559689
1.889340	-1.637195
1.821190	-1.712746
1.744412	-1.790777
1.663548	-1.866084
1.578742	-1.938453
1.490052	-2.007511
1.402083	-2.069827
1.310887	-2.128711
1.216648	-2.183998
1.119507	-2.235399
1.023972	-2.280687
0.926149	-2.322101
0.826245	-2.359534
0.724453	-2.392783
0.625925	-2.420389
0.526081	-2.444012
0.425127	-2.463604
0.323268	-2.479050
0.227523	-2.489640
0.131352	-2.496548
0.034934	-2.499770
-0.061549	-2.499270
-0.145959	-2.495752
-0.230160	-2.489392
-0.314033	-2.480212
-0.397458	-2.468222
-0.487389	-2.452037
-0.576506	-2.432620
-0.664668	-2.410033
-0.751728	-2.384322
-0.851277	-2.350597
-0.948956	-2.312878
-1.044582	-2.271317
-1.137953	-2.226025
-1.239054	-2.171336
-1.336936	-2.112455
-1.431422	-2.049650
-1.522297	-1.983128
-1.618707	-1.905180
-1.710310	-1.823357
-1.796992	-1.738065
-1.878564	-1.649624
-1.960343	-1.551451
-2.036087	-1.450565
-2.105815	-1.347447
-2.169447	-1.242498
-2.226366	-1.137258
-2.277463	-1.031066
-2.322869	-0.924316
-2.362655	-0.817354
-2.397422	-0.708825
-2.426739	-0.600772
-2.450819	-0.493509
-2.469840	-0.387317
-2.484513	-0.277955
-2.494199	-0.170308
-2.499174	-0.064612
-2.499708	0.038924
-2.495087	0.157059
-2.485217	0.271751
-2.470524	0.382801
-2.451482	0.490067
-2.431809	0.579959
-2.409439	0.666865
-2.384614	0.750748
-2.357617	0.831606
-2.329812	0.906650
-2.300403	0.978897
-2.269569	1.048362
-2.237521	1.115093
-2.203498	1.180954
-2.168537	1.244011
-2.132786	1.304312
-2.096431	1.361944
-2.058767	1.418286
-2.020748	1.471971
-1.982490	1.523067
-1.944145	1.571686
-1.905059	1.618890
-1.866091	1.663680
-1.827323	1.706131
-1.788876	1.746370
-1.749873	1.785497
-1.711354	1.822471
-1.673374	1.857366
-1.636025	1.890317
-1.599642	1.921244
-1.563968	1.950413
-1.529034	1.977888
-1.494899	2.003788
-1.462711	2.027434
-1.431313	2.049735
-1.400718	2.070743
-1.370960	2.090548
-1.342625	2.108878
-1.315113	2.126154
-1.288427	2.142417
-1.262584	2.157736
-1.237924	2.171993
-1.214088	2.185413
-1.191076	2.198030
-1.168896	2.209896
-1.147860	2.220907
-1.127627	2.231253
-1.108194	2.240961
-1.089562	2.250072
-1.072006	2.258497
-1.055220	2.266393
-1.039197	2.273778
-1.023938	2.280686
-1.009665	2.287047
-0.996122	2.292981
-0.983306	2.298501
-0.971214	2.303633
-0.960022	2.308324
-0.949523	2.312665
-0.939712	2.316666
-0.930589	2.320343
-0.922285	2.323660
-0.914638	2.326682
-0.907646	2.329416
-0.901307	2.331874
-0.895712	2.334031
-0.890743	2.335933
-0.886397	2.337584
-0.882674	2.338992
-0.879626	2.340141
-0.877174	2.341062
-0.875317	2.341756
-0.874054	2.342227
-0.873396	2.342473
-0.873300	2.342509
-0.873766	2.342335
-0.874795	2.341951
-0.876363	2.341364
-0.878480	2.340571
-0.881147	2.339569
-0.884364	2.338355
-0.888738	2.336695
-0.893841	2.334746
-0.899677	2.332505
-0.906248	2.329962
-0.913555	2.327103
-0.921602	2.323927
-0.930395	2.320424
-0.939936	2.316578
-0.949706	2.312586
-0.960160	2.308263
-0.971303	2.303600
-0.983137	2.298578
-0.995301	2.293331
-1.008126	2.287720
-1.021617	2.281732
-1.035773	2.275345
-1.050395	2.268625
-1.065674	2.261485
-1.081614	2.253911
-1.098214	2.245875
-1.115319	2.237421
-1.133079	2.228475
-1.151498	2.219021
-1.170573	2.209025
-1.190183	2.198511
-1.210445	2.187415
-1.231362	2.175719
-1.252927	2.163381
-1.275057	2.150397
-1.297830	2.136723
-1.321248	2.122336
-1.345295	2.107186
-1.369933	2.091234
-1.395192	2.074458
-1.421072	2.056833
-1.447548	2.038301
-1.474631	2.018770
-1.502294	1.998258
-1.530533	1.976734
-1.559312	1.954131
-1.588698	1.930284
-1.618596	1.905268
-1.648994	1.879050
-1.679839	1.851552
-1.711270	1.822499
-1.743102	1.792057
-1.775314	1.760191
-1.807829	1.726814
-1.839880	1.692572
-1.872145	1.656787
-1.904596	1.619424
-1.937134	1.580398
-1.968139	1.541561
-1.999126	1.501129
-2.030058	1.459071
-2.060828	1.415318
-2.090059	1.371728
-2.119026	1.326513
-2.147679	1.279647
-2.175908	1.231077
-2.202511	1.182766
-2.228588	1.132833
-2.254084	1.081262
-2.278881	1.028017
-2.301846	0.975449
-2.324026	0.921320
-2.345360	0.865625
-2.365730	0.808348
-2.384124	0.752300
-2.401495	0.694814
-2.417778	0.635899
-2.432864	0.575555
-2.445910	0.517235
-2.457744	0.457664
-2.468303	0.396860
-2.477490	0.334842
-2.484712	0.276082
-2.490620	0.216316
-2.495159	0.155569
-2.498249	0.093873
-2.499720	0.037697
-2.499926	-0.019192
-2.498825	-0.076765
-2.496361	-0.134989
-2.493160	-0.184864
-2.488918	-0.235162
-2.483607	-0.285857
-2.477197	-0.336926
-2.467877	-0.399464
-2.456846	-0.462464
-2.444067	-0.525872
-2.429481	-0.589629
-2.411245	-0.660203
-2.390712	-0.731043
-2.367845	-0.802067
-2.342571	-0.873170
-2.312560	-0.949744
-2.279661	-1.026173
-2.243850	-1.102334
-2.205055	-1.178067
-2.160328	-1.258138
-2.112160	-1.337389
-2.060563	-1.415657
-2.005487	-1.492713
-1.943039	-1.573052
-1.876704	-1.651583
-1.806559	-1.728109
-1.732600	-1.802320
-1.651816	-1.876539
-1.567129	-1.947769
-1.478700	-2.015808
-1.386616	-2.080299
-1.296079	-2.137806
-1.202580	-2.191725
-1.106312	-2.241909
-1.007434	-2.288092
-0.910522	-2.328305
-0.811603	-2.364577
-0.710887	-2.396814
-0.608572	-2.424844
-0.510197	-2.447400
-0.410776	-2.466016
-0.310512	-2.480656
-0.209606	-2.491232
-0.116009	-2.497322
-0.022206	-2.499905
0.071639	-2.498987
0.165357	-2.494550
0.243318	-2.488148
0.320980	-2.479320
0.398250	-2.468089
0.475033	-2.454470
0.568941	-2.434403
0.661801	-2.410807
0.753453	-2.383766
0.843731	-2.353341
0.944103	-2.314875
1.042311	-2.272333
1.138170	-2.225893
1.231471	-2.175688
1.332050	-2.115559
1.429045	-2.051262
1.522289	-1.983097
1.611568	-1.911296
1.705857	-1.827557
1.794933	-1.740112
1.878706	-1.649398
1.957007	-1.555767
2.032623	-1.455483
2.102234	-1.352941
2.165888	-1.248601
2.223545	-1.142855
2.275051	-1.036438
2.320800	-0.929430
2.360943	-0.822206
2.395582	-0.715101
2.425406	-0.606192
2.449884	-0.498066
2.469243	-0.391019
2.483687	-0.285315
2.493831	-0.175713
2.499081	-0.068119
2.499731	0.037247
2.496074	0.140196
2.488803	0.236489
2.478102	0.330292
2.464216	0.421505
2.447413	0.510055
2.427957	0.595891
2.406056	0.678963
2.381926	0.759239
2.355813	0.836719
2.327349	0.912967
2.297237	0.986312
2.265667	1.056770
2.232860	1.124395
2.198577	1.190090
2.163374	1.252968
2.127399	1.313079
2.090838	1.370513
2.053147	1.426408
2.015123	1.479663
1.976877	1.530344
1.938564	1.578564
1.899490	1.625421
1.860549	1.669875
1.821822	1.712003
1.783430	1.751931
1.744469	1.790778
1.706004	1.827480
1.668088	1.862114
1.630815	1.894813
1.594607	1.925425
1.559114	1.954295
1.524363	1.981490
1.490416	2.007125
1.458396	2.030540
1.427169	2.052622
1.396747	2.073424
1.367162	2.093034
1.338983	2.111193
1.311628	2.128306
1.285099	2.144415
1.259413	2.159588
1.234909	2.173709
1.211229	2.186999
1.188372	2.199492
1.166347	2.211242
1.145465	2.222143
1.125385	2.232385
1.106104	2.241993
1.087623	2.251010
1.070215	2.259346
1.053575	2.267158
1.037698	2.274463
1.022584	2.281293
1.008452	2.287582
0.995050	2.293446
0.982373	2.298900
0.970420	2.303968
0.959362	2.308599
0.948998	2.312881
0.939321	2.316825
0.930330	2.320447
0.922155	2.323711
0.914638	2.326682
0.907774	2.329366
0.901562	2.331775
0.896093	2.333885
0.891248	2.335741
0.887026	2.337346
0.883426	2.338708
0.880499	2.339812
0.878167	2.340689
0.876430	2.341340
0.875286	2.341767
0.874743	2.341970
0.874761	2.341964
0.875341	2.341747
0.876482	2.341320
0.878224	2.340667
0.880552	2.339792
0.883466	2.338694
0.886967	2.337369
0.892740	2.335165
0.899630	2.332517
0.907645	2.329417
0.916786	2.325840
0.924966	2.322593
0.933886	2.319018
0.943549	2.315107
0.953958	2.310841
0.964286	2.306545
0.975263	2.301923
0.986895	2.296964
0.999182	2.291649
1.012067	2.285982
1.025610	2.279935
1.039815	2.273497
1.054682	2.266643
1.070058	2.259417
1.086092	2.251750
1.102788	2.243627
1.120143	2.235018
1.138004	2.225968
1.156520	2.216400
1.175696	2.206296
1.195525	2.195622
1.215899	2.184393
1.236922	2.172552
1.258599	2.160077
1.280920	2.146925
1.303816	2.133083
1.327349	2.118512
1.351521	2.103187
1.376316	2.087058
1.401707	2.070071
1.427709	2.052213
1.454322	2.033459
1.481516	2.013747
1.509320	1.992968
1.537686	1.971151
1.566609	1.948267
1.596048	1.924245
1.626090	1.898891
1.656614	1.872304
1.687608	1.844448
1.719011	1.815245
1.750988	1.784372
1.783319	1.752037
1.815983	1.718202
1.848892	1.682778
1.880667	1.647138
1.912585	1.609938
1.944615	1.571145
1.976656	1.530677
2.007169	1.490388
2.037588	1.448493
2.067874	1.404963
2.097917	1.359734
2.126429	1.314643
2.154596	1.267921
2.182367	1.219548
2.209628	1.169473
2.235193	1.119778
2.260151	1.068474
2.284444	1.015548
2.307953	0.960970
2.329581	0.907222
2.350345	0.851945
2.370185	0.795138
2.388983	0.736790
2.405776	0.679887
2.421480	0.621598
2.436031	0.561935
2.449323	0.500903
2.460580	0.442219
2.470581	0.382354
2.479267	0.321330
2.486544	0.259170
2.491925	0.200810
2.495987	0.141532
2.498679	0.081361
2.499928	0.020331
2.499774	-0.033973
2.498420	-0.088888
2.495831	-0.144387
2.491959	-0.200440
2.486941	-0.255221
2.480647	-0.310460
2.473048	-0.366125
2.464101	-0.422179
2.451940	-0.487821
2.437862	-0.553879
2.421826	-0.620291
2.403769	-0.686980
2.381696	-0.759926
2.357115	-0.833020
2.329993	-0.906165
2.300254	-0.979239
2.265376	-1.057362
2.227407	-1.135132
2.186333	-1.212415
2.142088	-1.289026
2.091435	-1.369604
2.037168	-1.449051
1.979317	-1.527191
1.917844	-1.603768
1.848405	-1.683234
1.774963	-1.760458
1.697628	-1.835233
1.616423	-1.907218
1.531870	-1.975684
1.443741	-2.040925
1.352209	-2.102757
1.257390	-2.160855
1.164115	-2.212437
1.068205	-2.260270
0.969860	-2.304225
0.869258	-2.344068
0.771221	-2.378083
0.671517	-2.408112
0.570358	-2.434085
0.467947	-2.455857
0.370439	-2.472417
0.272202	-2.485134
0.173427	-2.493992
0.074309	-2.498926
-0.015609	-2.499967
-0.105503	-2.497779
-0.195227	-2.492379
-0.284634	-2.483765
-0.368139	-2.472758
-0.451121	-2.458968
-0.533464	-2.442431
-0.615053	-2.423177
-0.712538	-2.396306
-0.808570	-2.365620
-0.902974	-2.331237
-0.995563	-2.293243
-1.096738	-2.246582
-1.195225	-2.195752
-1.290837	-2.140975
-1.383360	-2.082421
-1.482248	-2.013176
-1.576931	-1.939873
-1.667266	-1.862865
-1.753047	-1.782431
-1.843038	-1.689115
-1.927134	-1.592448
-2.005302	-1.492925
-2.077402	-1.390945
-2.142725	-1.287935
-2.202154	-1.183396
-2.255779	-1.077750
-2.303625	-0.971363
-2.346084	-0.863685
-2.382948	-0.756000
-2.414400	-0.648647
-2.440586	-0.541934
-2.462280	-0.432711
-2.478819	-0.324771
-2.490455	-0.218378
-2.497426	-0.113766
-2.500015	-0.002499
-2.497759	0.106193
-2.490993	0.212113
-2.480064	0.315100
-2.465049	0.416698
-2.446408	0.515013
-2.424452	0.609960
-2.399546	0.701496
-2.374674	0.781637
-2.347835	0.858930
-2.319228	0.933373
-2.289085	1.004999
-2.257341	1.074458
-2.224405	1.141108
-2.190436	1.204987
-2.155631	1.266165
-2.119187	1.326312
-2.082165	1.383730
-2.044694	1.438480
-2.006942	1.490667
-1.968237	1.541460
-1.929474	1.589735
-1.890746	1.635566
-1.852188	1.679074
-1.813070	1.721287
-1.774300	1.761247
-1.735940	1.799028
-1.698096	1.834761
-1.660032	1.869317
-1.622619	1.901904
-1.585896	1.932594
-1.549940	1.961520
-1.516166	1.987776
-1.483159	2.012541
-1.450935	2.035871
-1.419539	2.057868
-1.389780	2.078105
-1.360832	2.097187
-1.332703	2.115158
-1.305414	2.132096
-1.279319	2.147872
-1.254051	2.162730
-1.229612	2.176706
-1.206012	2.189860
-1.183570	2.202083
-1.161943	2.213578
-1.141127	2.224371
-1.121128	2.234510
-1.102240	2.243897
-1.084137	2.252704
-1.066814	2.260953
-1.050270	2.268679
-1.034749	2.275807
-1.019976	2.282470
-1.005944	2.288684
-0.992653	2.294476
-0.980296	2.299788
-0.968647	2.304721
-0.957703	2.309287
-0.947461	2.313504
-0.938071	2.317332
-0.929352	2.320844
-0.921303	2.324048
-0.913920	2.326959
-0.907312	2.329547
-0.901342	2.331864
-0.896009	2.333917
-0.891312	2.335713
-0.887317	2.337236
-0.883931	2.338519
-0.881152	2.339567
-0.878979	2.340383
-0.877441	2.340961
-0.876482	2.341321
-0.876099	2.341463
-0.876295	2.341390
-0.877023	2.341118
-0.878280	2.340646
-0.880068	2.339975
-0.882386	2.339102
-0.885896	2.337774
-0.890183	2.336144
-0.895252	2.334208
-0.901102	2.331957
-0.907737	2.329379
-0.915160	2.326471
-0.923376	2.323226
-0.932388	2.319627
-0.941497	2.315940
-0.951304	2.311927
-0.961813	2.307579
-0.973026	2.302876
-0.984517	2.297982
-0.996671	2.292734
-1.009494	2.287122
-1.022986	2.281123
-1.036942	2.274806
-1.051556	2.268084
-1.066834	2.260944
-1.082775	2.253358
-1.099213	2.245377
-1.116308	2.236924
-1.134064	2.227982
-1.152479	2.218519
-1.171420	2.208566
-1.191014	2.198055
-1.211268	2.186969
-1.232172	2.175268
-1.253635	2.162957
-1.275744	2.149984
-1.298502	2.136328
-1.321897	2.121942
-1.345877	2.106797
-1.370485	2.090864
-1.395723	2.074117
-1.421569	2.056503
-1.448018	2.037944
-1.475060	2.018446
-1.502693	1.997979
-1.530884	1.976479
-1.559684	1.953804
-1.589016	1.930009
-1.618872	1.905063
-1.649203	1.878890
-1.680128	1.851249
-1.711486	1.822277
-1.743262	1.791940
-1.775383	1.760153
-1.807555	1.727048
-1.839997	1.692416
-1.872684	1.656222
-1.905518	1.618378
-1.936821	1.580729
-1.968165	1.541498
-1.999517	1.500652
-2.030771	1.458118
-2.060483	1.415768
-2.089994	1.371798
-2.119258	1.326185
-2.148167	1.278870
-2.175510	1.231724
-2.202395	1.182950
-2.228766	1.132530
-2.254508	1.080423
-2.278465	1.028880
-2.301701	0.975755
-2.324157	0.921041
-2.345714	0.864716
-2.365326	0.809463
-2.383973	0.752737
-2.401590	0.694540
-2.418064	0.634871
-2.432506	0.576995
-2.445777	0.517815
-2.457814	0.457348
-2.468517	0.395607
-2.477218	0.336753
-2.484621	0.276827
-2.490668	0.215852
-2.495274	0.153856
-2.498135	0.096642
-2.499700	0.038636
-2.499923	-0.020131
-2.498741	-0.079627
-2.496640	-0.129669
-2.493502	-0.180170
-2.489299	-0.231108
-2.483998	-0.282456
-2.476452	-0.342319
-2.467356	-0.402655
-2.456674	-0.463418
-2.444355	-0.524558
-2.428561	-0.593352
-2.410614	-0.662479
-2.390476	-0.731865
-2.368077	-0.801416
-2.341221	-0.876721
-2.311620	-0.952003
-2.279246	-1.027151
-2.244025	-1.102021
-2.203183	-1.181489
-2.159030	-1.260330
-2.111567	-1.338390
-2.060735	-1.415460
-2.002915	-1.496073
-1.941304	-1.575153
-1.875958	-1.652511
-1.806861	-1.727857
-1.729040	-1.805623
-1.647124	-1.880594
-1.561265	-1.952557
-1.471524	-2.021133
-1.383127	-2.082544
-1.291554	-2.140498
-1.196991	-2.194834
-1.099582	-2.245267
-1.003792	-2.289641
-0.905766	-2.330129
-0.805710	-2.366625
-0.703819	-2.398934
-0.605298	-2.425630
-0.505509	-2.448351
-0.404659	-2.467048
-0.302953	-2.481614
-0.207552	-2.491384
-0.111767	-2.497502
-0.015774	-2.499964
0.080249	-2.498739
0.163672	-2.494653
0.246866	-2.487791
0.329716	-2.478176
0.412105	-2.465818
0.502783	-2.448926
0.592605	-2.428747
0.681427	-2.405348
0.769099	-2.378776
0.868825	-2.344168
0.966626	-2.305549
1.062320	-2.263074
1.155703	-2.216863
1.256719	-2.161159
1.354450	-2.101268
1.448720	-2.037461
1.539312	-1.969951
1.635338	-1.890924
1.726481	-1.808052
1.812633	-1.721746
1.893608	-1.632334
1.974223	-1.533752
2.048809	-1.432544
2.117388	-1.329187
2.179889	-1.224082
2.235792	-1.118613
2.285885	-1.012260
2.330302	-0.905414
2.369119	-0.798421
2.402959	-0.689819
2.431370	-0.581752
2.454564	-0.474529
2.472727	-0.368430
2.486557	-0.259039
2.495418	-0.151418
2.499590	-0.045800
2.499347	0.057611
2.493686	0.177973
2.482608	0.294684
2.466563	0.407539
2.446066	0.516396
2.425740	0.604829
2.402827	0.690305
2.377561	0.772791
2.350218	0.852291
2.322080	0.926272
2.292405	0.997481
2.261367	1.065938
2.229172	1.131692
2.194884	1.196888
2.159700	1.259289
2.123767	1.318945
2.087269	1.375944
2.049492	1.431655
2.011397	1.484725
1.973093	1.535220
1.934734	1.583256
1.893483	1.632428
1.852398	1.678931
1.811568	1.722850
1.771139	1.764342
